2100
2100
2100
2140
2140
2140
2140
2140
2148
2148
2148
2148
2148
2148
2087
2087
2087
2087
2087
2169
2169
2169
2169
2169
2137
2137
2137
2137
2137
2137
2162
2162
2162
2162
2162
2133
2133
2133
2133
2133
2141
2141
2141
2141
2141
2141
2122
2122
2122
2122
2122
2165
2165
2165
2165
2165
2163
2163
2163
2163
2163
2163
2126
2126
2126
2126
2126
2155
2155
2155
2155
2155
2173
2173
2173
2173
2173
2173
2153
2153
2153
2153
2153
2147
2147
2147
2147
2147
2166
2166
2166
2166
2166
2166
2117
2117
2117
2117
2117
2125
2125
2125
2125
2125
2144
2144
2144
2144
2144
2144
2144
2144
2144
2144
2144
2136
2136
2136
2136
2136
2156
2156
2156
2156
2156
2156
2116
2116
2116
2116
2116
2170
2170
2170
2170
2170
2145
2145
2145
2145
2145
2145
2153
2153
2153
2153
2153
2141
2141
2141
2141
2141
2095
2095
2095
2095
2095
2095
2143
2143
2143
2143
2143
2151
2151
2151
2151
2151
2100
2100
2100
2100
2100
2100
2171
2171
2171
2171
2171
2122
2122
2122
2122
2122
2153
2153
2153
2153
2153
2153
2097
2097
2097
2097
2097
2157
2157
2157
2157
2157
2133
2133
2133
2133
2133
2133
2115
2115
2115
2115
2115
2153
2153
2153
2153
2153
2135
2135
2135
2135
2135
2135
2149
2149
2149
2149
2149
2118
2118
2118
2118
2118
2161
2161
2161
2161
2161
2161
2161
2161
2161
2161
2161
2143
2143
2143
2143
2143
2127
2127
2127
2127
2127
2127
2179
2179
2179
2179
2179
2159
2159
2159
2159
2159
2135
2135
2135
2135
2135
2135
2124
2124
2124
2124
2124
2144
2144
2144
2144
2144
2138
2138
2138
2138
2138
2138
2137
2137
2137
2137
2137
2155
2155
2155
2155
2155
2180
2180
2180
2180
2180
2180
2141
2141
2141
2141
2141
2128
2128
2128
2128
2128
2138
2138
2138
2138
2138
2138
2142
2142
2142
2142
2142
2169
2169
2169
2169
2169
2122
2122
2122
2122
2122
2122
2150
2150
2150
2150
2150
2145
2145
2145
2145
2145
2131
2131
2131
2131
2131
2131
2149
2149
2149
2149
2149
2162
2162
2162
2162
2162
2144
2144
2144
2144
2144
2144
2143
2143
2143
2143
2143
2156
2156
2156
2156
2156
2117
2117
2117
2117
2117
2117
2161
2161
2161
2161
2161
2161
2161
2161
2161
2161
2167
2167
2167
2167
2167
2167
2127
2127
2127
2127
2127
2158
2158
2158
2158
2158
2131
2131
2131
2131
2131
2131
2131
2131
2131
2131
2131
2138
2138
2138
2138
2138
2115
2115
2115
2115
2115
2115
2147
2147
2147
2147
2147
2150
2150
2150
2150
2150
2193
2193
2193
2193
2193
2193
2149
2149
2149
2149
2149
2139
2139
2139
2139
2139
2124
2124
2124
2124
2124
2124
2163
2163
2163
2163
2163
2146
2146
2146
2146
2146
2166
2166
2166
2166
2166
2166
2148
2148
2148
2148
2148
2117
2117
2117
2117
2117
2167
2167
2167
2167
2167
2167
2116
2116
2116
2116
2116
2172
2172
2172
2172
2172
2150
2150
2150
2150
2150
2150
2153
2153
2153
2153
2153
2133
2133
2133
2133
2133
2142
2142
2142
2142
2142
2142
2122
2122
2122
2122
2122
2143
2143
2143
2143
2143
2133
2133
2133
2133
2133
2133
2150
2150
2150
2150
2150
2129
2129
2129
2129
2129
2119
2119
2119
2119
2119
2119
2160
2160
2160
2160
2160
2117
2117
2117
2117
2117
2168
2168
2168
2168
2168
2168
2123
2123
2123
2123
2123
2144
2144
2144
2144
2144
2118
2118
2118
2118
2118
2118
2145
2145
2145
2145
2145
2112
2112
2112
2112
2112
2135
2135
2135
2135
2135
2135
2140
2140
2140
2140
2140
2135
2135
2135
2135
2135
2136
2136
2136
2136
2136
2136
2127
2127
2127
2127
2127
2178
2178
2178
2178
2178
2140
2140
2140
2140
2140
2140
2168
2168
2168
2168
2168
2138
2138
2138
2138
2138
2157
2157
2157
2157
2157
2157
2127
2127
2127
2127
2127
2139
2139
2139
2139
2139
2133
2133
2133
2133
2133
2133
2138
2138
2138
2138
2138
2178
2178
2178
2178
2178
2114
2114
2114
2114
2114
2114
2173
2173
2173
2173
2173
2162
2162
2162
2162
2162
2105
2105
2105
2105
2105
2105
2138
2138
2138
2138
2138
2162
2162
2162
2162
2162
2157
2157
2157
2157
2157
2157
2146
2146
2146
2146
2146
2137
2137
2137
2137
2137
2125
2125
2125
2125
2125
2125
2105
2105
2105
2105
2105
2149
2149
2149
2149
2149
2145
2145
2145
2145
2145
2145
2162
2162
2162
2162
2162
2174
2174
2174
2174
2174
2133
2133
2133
2133
2133
2133
2132
2132
2132
2132
2132
2156
2156
2156
2156
2156
2109
2109
2109
2109
2109
2109
2137
2137
2137
2137
2137
2118
2118
2118
2118
2118
2185
2185
2185
2185
2185
2185
2161
2161
2161
2161
2161
2136
2136
2136
2136
2136
2117
2117
2117
2117
2117
2117
2165
2165
2165
2165
2165
2116
2116
2116
2116
2116
2130
2130
2130
2130
2130
2130
2161
2161
2161
2161
2161
2129
2129
2129
2129
2129
2135
2135
2135
2135
2135
2135
2149
2149
2149
2149
2149
2152
2152
2152
2152
2152
2157
2157
2157
2157
2157
2157
2126
2126
2126
2126
2126
2140
2140
2140
2140
2140
2151
2151
2151
2151
2151
2151
2147
2147
2147
2147
2147
2132
2132
2132
2132
2132
2151
2151
2151
2151
2151
2151
2125
2125
2125
2125
2125
2155
2155
2155
2155
2155
2142
2142
2142
2142
2142
2142
2127
2127
2127
2127
2127
2147
2147
2147
2147
2147
2130
2130
2130
2130
2130
2130
2139
2139
2139
2139
2139
2146
2146
2146
2146
2146
2154
2154
2154
2154
2154
2154
2132
2132
2132
2132
2132
2120
2120
2120
2120
2120
2187
2187
2187
2187
2187
2187
2163
2163
2163
2163
2163
2135
2135
2135
2135
2135
2140
2140
2140
2140
2140
2140
2149
2149
2149
2149
2149
2141
2141
2141
2141
2141
2144
2144
2144
2144
2144
2144
2159
2159
2159
2159
2159
2149
2149
2149
2149
2149
2141
2141
2141
2141
2141
2141
2162
2162
2162
2162
2162
2154
2154
2154
2154
2154
2157
2157
2157
2157
2157
2157
2126
2126
2126
2126
2126
2192
2192
2192
2192
2192
2128
2128
2128
2128
2128
2128
2179
2179
2179
2179
2179
2122
2122
2122
2122
2122
2138
2138
2138
2138
2138
2138
2124
2124
2124
2124
2124
2153
2153
2153
2153
2153
2144
2144
2144
2144
2144
2144
2160
2160
2160
2160
2160
2124
2124
2124
2124
2124
2108
2108
2108
2108
2108
2108
2129
2129
2129
2129
2129
2105
2105
2105
2105
2105
2136
2136
2136
2136
2136
2136
2140
2140
2140
2140
2140
2171
2171
2171
2171
2171
2149
2149
2149
2149
2149
2149
2143
2143
2143
2143
2143
2136
2136
2136
2136
2136
2148
2148
2148
2148
2148
2148
2121
2121
2121
2121
2121
2138
2138
2138
2138
2138
2140
2140
2140
2140
2140
2140
2141
2141
2141
2141
2141
2139
2139
2139
2139
2139
2135
2135
2135
2135
2135
2135
2157
2157
2157
2157
2157
2166
2166
2166
2166
2166
2125
2125
2125
2125
2125
2125
2132
2132
2132
2132
2132
2173
2173
2173
2173
2173
2142
2142
2142
2142
2142
2142
2149
2149
2149
2149
2149
2136
2136
2136
2136
2136
2134
2134
2134
2134
2134
2134
2150
2150
2150
2150
2150
2154
2154
2154
2154
2154
2119
2119
2119
2119
2119
2119
2137
2137
2137
2137
2137
2130
2130
2130
2130
2130
2126
2126
2126
2126
2126
2126
2140
2140
2140
2140
2140
2116
2116
2116
2116
2116
2146
2146
2146
2146
2146
2146
2158
2158
2158
2158
2158
2158
2158
2158
2158
2158
2170
2170
2170
2170
2170
2170
2171
2171
2171
2171
2171
2132
2132
2132
2132
2132
2150
2150
2150
2150
2150
2150
2174
2174
2174
2174
2174
2167
2167
2167
2167
2167
2136
2136
2136
2136
2136
2136
2168
2168
2168
2168
2168
2124
2124
2124
2124
2124
2153
2153
2153
2153
2153
2153
2135
2135
2135
2135
2135
2167
2167
2167
2167
2167
2137
2137
2137
2137
2137
2137
2181
2181
2181
2181
2181
2122
2122
2122
2122
2122
2155
2155
2155
2155
2155
2155
2153
2153
2153
2153
2153
2151
2151
2151
2151
2151
2125
2125
2125
2125
2125
2125
2166
2166
2166
2166
2166
2151
2151
2151
2151
2151
2141
2141
2141
2141
2141
2141
2110
2110
2110
2110
2110
2142
2142
2142
2142
2142
2126
2126
2126
2126
2126
2126
2146
2146
2146
2146
2146
2116
2116
2116
2116
2116
2154
2154
2154
2154
2154
2154
2122
2122
2122
2122
2122
2167
2167
2167
2167
2167
2108
2108
2108
2108
2108
2108
2075
2075
2075
2075
2075
2120
2120
2120
2120
2120
2119
2119
2119
2119
2119
2119
2175
2175
2175
2175
2175
2149
2149
2149
2149
2149
2185
2185
2185
2185
2185
2185
2145
2145
2145
2145
2145
2163
2163
2163
2163
2163
2159
2159
2159
2159
2159
2159
2143
2143
2143
2143
2143
2143
2143
2143
2143
2143
2178
2178
2178
2178
2178
2178
2121
2121
2121
2121
2121
2143
2143
2143
2143
2143
2120
2120
2120
2120
2120
2120
2160
2160
2160
2160
2160
2155
2155
2155
2155
2155
2137
2137
2137
2137
2137
2137
2128
2128
2128
2128
2128
2134
2134
2134
2134
2134
2116
2116
2116
2116
2116
2116
2114
2114
2114
2114
2114
2172
2172
2172
2172
2172
2132
2132
2132
2132
2132
2132
2159
2159
2159
2159
2159
2131
2131
2131
2131
2131
2139
2139
2139
2139
2139
2139
2169
2169
2169
2169
2169
2141
2141
2141
2141
2141
2147
2147
2147
2147
2147
2147
2154
2154
2154
2154
2154
2113
2113
2113
2113
2113
2139
2139
2139
2139
2139
2139
2136
2136
2136
2136
2136
2152
2152
2152
2152
2152
2160
2160
2160
2160
2160
2160
2137
2137
2137
2137
2137
2155
2155
2155
2155
2155
2144
2144
2144
2144
2144
2144
2142
2142
2142
2142
2142
2145
2145
2145
2145
2145
2124
2124
2124
2124
2124
2124
2160
2160
2160
2160
2160
2134
2134
2134
2134
2134
2175
2175
2175
2175
2175
2175
2164
2164
2164
2164
2164
2152
2152
2152
2152
2152
2155
2155
2155
2155
2155
2155
2125
2125
2125
2125
2125
2163
2163
2163
2163
2163
2132
2132
2132
2132
2132
2132
2134
2134
2134
2134
2134
2143
2143
2143
2143
2143
2154
2154
2154
2154
2154
2154
2152
2152
2152
2152
2152
2174
2174
2174
2174
2174
2156
2156
2156
2156
2156
2156
2154
2154
2154
2154
2154
2135
2135
2135
2135
2135
2127
2127
2127
2127
2127
2127
2157
2157
2157
2157
2157
2108
2108
2108
2108
2108
2119
2119
2119
2119
2119
2119
2146
2146
2146
2146
2146
2167
2167
2167
2167
2167
2162
2162
2162
2162
2162
2162
2146
2146
2146
2146
2146
2138
2138
2138
2138
2138
2182
2182
2182
2182
2182
2182
2146
2146
2146
2146
2146
2132
2132
2132
2132
2132
2170
2170
2170
2170
2170
2170
2156
2156
2156
2156
2156
2157
2157
2157
2157
2157
2154
2154
2154
2154
2154
2154
2168
2168
2168
2168
2168
2211
2211
2211
2211
2211
2166
2166
2166
2166
2166
2166
2189
2189
2189
2189
2189
2170
2170
2170
2170
2170
2133
2133
2133
2133
2133
2133
2133
2133
2133
2133
2133
2135
2135
2135
2135
2135
2153
2153
2153
2153
2153
2153
2117
2117
2117
2117
2117
2111
2111
2111
2111
2111
2146
2146
2146
2146
2146
2146
2159
2159
2159
2159
2159
2153
2153
2153
2153
2153
2164
2164
2164
2164
2164
2164
2153
2153
2153
2153
2153
2120
2120
2120
2120
2120
2141
2141
2141
2141
2141
2141
2168
2168
2168
2168
2168
2180
2180
2180
2180
2180
2191
2191
2191
2191
2191
2191
2130
2130
2130
2130
2130
2138
2138
2138
2138
2138
2134
2134
2134
2134
2134
2134
2181
2181
2181
2181
2181
2175
2175
2175
2175
2175
2165
2165
2165
2165
2165
2165
2166
2166
2166
2166
2166
2129
2129
2129
2129
2129
2151
2151
2151
2151
2151
2151
2110
2110
2110
2110
2110
2168
2168
2168
2168
2168
2152
2152
2152
2152
2152
2152
2153
2153
2153
2153
2153
2127
2127
2127
2127
2127
2157
2157
2157
2157
2157
2157
2150
2150
2150
2150
2150
2136
2136
2136
2136
2136
2165
2165
2165
2165
2165
2165
2167
2167
2167
2167
2167
2161
2161
2161
2161
2161
2165
2165
2165
2165
2165
2165
2144
2144
2144
2144
2144
2184
2184
2184
2184
2184
2092
2092
2092
2092
2092
2092
2190
2190
2190
2190
2190
2132
2132
2132
2132
2132
2167
2167
2167
2167
2167
2167
2145
2145
2145
2145
2145
2144
2144
2144
2144
2144
2149
2149
2149
2149
2149
2149
2111
2111
2111
2111
2111
2155
2155
2155
2155
2155
2141
2141
2141
2141
2141
2141
2121
2121
2121
2121
2121
2150
2150
2150
2150
2150
2103
2103
2103
2103
2103
2103
2156
2156
2156
2156
2156
2132
2132
2132
2132
2132
2145
2145
2145
2145
2145
2145
2158
2158
2158
2158
2158
2143
2143
2143
2143
2143
2117
2117
2117
2117
2117
2117
2125
2125
2125
2125
2125
2100
2100
2100
2100
2100
2149
2149
2149
2149
2149
2149
2148
2148
2148
2148
2148
2133
2133
2133
2133
2133
2120
2120
2120
2120
2120
2120
2100
2100
2100
2100
2100
2133
2133
2133
2133
2133
2145
2145
2145
2145
2145
2145
2128
2128
2128
2128
2128
2129
2129
2129
2129
2129
2141
2141
2141
2141
2141
2141
2139
2139
2139
2139
2139
2107
2107
2107
2107
2107
2147
2147
2147
2147
2147
2147
2185
2185
2185
2185
2185
2163
2163
2163
2163
2163
2150
2150
2150
2150
2150
2150
2166
2166
2166
2166
2166
2142
2142
2142
2142
2142
2160
2160
2160
2160
2160
2160
2113
2113
2113
2113
2113
2092
2092
2092
2092
2092
2104
2104
2104
2104
2104
2104
2093
2093
2093
2093
2093
2124
2124
2124
2124
2124
2134
2134
2134
2134
2134
2134
2124
2124
2124
2124
2124
2103
2103
2103
2103
2103
2089
2089
2089
2089
2089
2089
2059
2059
2059
2059
2059
2066
2066
2066
2066
2066
2096
2096
2096
2096
2096
2096
2051
2051
2051
2051
2051
2107
2107
2107
2107
2107
2194
2194
2194
2194
2194
2194
2248
2248
2248
2248
2248
2262
2262
2262
2262
2262
2296
2296
2296
2296
2296
2296
2366
2366
2366
2366
2366
2350
2350
2350
2350
2350
2388
2388
2388
2388
2388
2388
2388
2388
2388
2388
2388
2279
2279
2279
2279
2279
2298
2298
2298
2298
2298
2298
2284
2284
2284
2284
2284
2202
2202
2202
2202
2202
2151
2151
2151
2151
2151
2151
2087
2087
2087
2087
2087
2029
2029
2029
2029
2029
2052
2052
2052
2052
2052
2052
2045
2045
2045
2045
2045
2048
2048
2048
2048
2048
2115
2115
2115
2115
2115
2115
2102
2102
2102
2102
2102
2073
2073
2073
2073
2073
2129
2129
2129
2129
2129
2129
2139
2139
2139
2139
2139
2219
2219
2219
2219
2219
2228
2228
2228
2228
2228
2228
2207
2207
2207
2207
2207
2239
2239
2239
2239
2239
2255
2255
2255
2255
2255
2255
2252
2252
2252
2252
2252
2220
2220
2220
2220
2220
2167
2167
2167
2167
2167
2167
2235
2235
2235
2235
2235
2162
2162
2162
2162
2162
2138
2138
2138
2138
2138
2138
2099
2099
2099
2099
2099
2081
2081
2081
2081
2081
2113
2113
2113
2113
2113
2113
2137
2137
2137
2137
2137
2139
2139
2139
2139
2139
2110
2110
2110
2110
2110
2110
2177
2177
2177
2177
2177
2146
2146
2146
2146
2146
2157
2157
2157
2157
2157
2157
2159
2159
2159
2159
2159
2139
2139
2139
2139
2139
2202
2202
2202
2202
2202
2202
2142
2142
2142
2142
2142
2181
2181
2181
2181
2181
2179
2179
2179
2179
2179
2179
2202
2202
2202
2202
2202
2178
2178
2178
2178
2178
2202
2202
2202
2202
2202
2202
2187
2187
2187
2187
2187
2168
2168
2168
2168
2168
2175
2175
2175
2175
2175
2175
2158
2158
2158
2158
2158
2131
2131
2131
2131
2131
2125
2125
2125
2125
2125
2125
2113
2113
2113
2113
2113
2082
2082
2082
2082
2082
2080
2080
2080
2080
2080
2080
2088
2088
2088
2088
2088
2039
2039
2039
2039
2039
2026
2026
2026
2026
2026
2026
2032
2032
2032
2032
2032
2014
2014
2014
2014
2014
2018
2018
2018
2018
2018
2018
1981
1981
1981
1981
1981
1968
1968
1968
1968
1968
1960
1960
1960
1960
1960
1960
1956
1956
1956
1956
1956
1902
1902
1902
1902
1902
1919
1919
1919
1919
1919
1919
1875
1875
1875
1875
1875
1876
1876
1876
1876
1876
1853
1853
1853
1853
1853
1853
1887
1887
1887
1887
1887
1886
1886
1886
1886
1886
1891
1891
1891
1891
1891
1891
1878
1878
1878
1878
1878
1907
1907
1907
1907
1907
1937
1937
1937
1937
1937
1937
1950
1950
1950
1950
1950
1964
1964
1964
1964
1964
1926
1926
1926
1926
1926
1926
1907
1907
1907
1907
1907
1855
1855
1855
1855
1855
1751
1751
1751
1751
1751
1751
1643
1643
1643
1643
1643
1559
1559
1559
1559
1559
1507
1507
1507
1507
1507
1507
1443
1443
1443
1443
1443
1429
1429
1429
1429
1429
1423
1423
1423
1423
1423
1423
1472
1472
1472
1472
1472
1520
1520
1520
1520
1520
1612
1612
1612
1612
1612
1612
1685
1685
1685
1685
1685
1772
1772
1772
1772
1772
1850
1850
1850
1850
1850
1850
1899
1899
1899
1899
1899
1930
1930
1930
1930
1930
1952
1952
1952
1952
1952
1952
1928
1928
1928
1928
1928
1896
1896
1896
1896
1896
1897
1897
1897
1897
1897
1897
1898
1898
1898
1898
1898
1963
1963
1963
1963
1963
2021
2021
2021
2021
2021
2021
2114
2114
2114
2114
2114
2267
2267
2267
2267
2267
2377
2377
2377
2377
2377
2377
2540
2540
2540
2540
2540
2630
2630
2630
2630
2630
2736
2736
2736
2736
2736
2736
2772
2772
2772
2772
2772
2832
2832
2832
2832
2832
2831
2831
2831
2831
2831
2831
2833
2833
2833
2833
2833
2770
2770
2770
2770
2770
2727
2727
2727
2727
2727
2727
2674
2674
2674
2674
2674
2621
2621
2621
2621
2621
2600
2600
2600
2600
2600
2600
2626
2626
2626
2626
2626
2665
2665
2665
2665
2665
2719
2719
2719
2719
2719
2719
2736
2736
2736
2736
2736
2789
2789
2789
2789
2789
2819
2819
2819
2819
2819
2819
2811
2811
2811
2811
2811
2812
2812
2812
2812
2812
2770
2770
2770
2770
2770
2770
2730
2730
2730
2730
2730
2724
2724
2724
2724
2724
2682
2682
2682
2682
2682
2682
2711
2711
2711
2711
2711
2749
2749
2749
2749
2749
2835
2835
2835
2835
2835
2835
2960
2960
2960
2960
2960
3084
3084
3084
3084
3084
3251
3251
3251
3251
3251
3251
3373
3373
3373
3373
3373
3509
3509
3509
3509
3509
3601
3601
3601
3601
3601
3601
3691
3691
3691
3691
3691
3758
3758
3758
3758
3758
3797
3797
3797
3797
3797
3797
3784
3784
3784
3784
3784
3717
3717
3717
3717
3717
3669
3669
3669
3669
3669
3669
3634
3634
3634
3634
3634
3607
3607
3607
3607
3607
3562
3562
3562
3562
3562
3562
3557
3557
3557
3557
3557
3528
3528
3528
3528
3528
3530
3530
3530
3530
3530
3530
3534
3534
3534
3534
3534
3540
3540
3540
3540
3540
3558
3558
3558
3558
3558
3558
3504
3504
3504
3504
3504
3424
3424
3424
3424
3424
3324
3324
3324
3324
3324
3324
3184
3184
3184
3184
3184
2968
2968
2968
2968
2968
2765
2765
2765
2765
2765
2765
2477
2477
2477
2477
2477
2196
2196
2196
2196
2196
1957
1957
1957
1957
1957
1957
1730
1730
1730
1730
1730
1537
1537
1537
1537
1537
1403
1403
1403
1403
1403
1403
1291
1291
1291
1291
1291
1175
1175
1175
1175
1175
1092
1092
1092
1092
1092
1092
1054
1054
1054
1054
1054
984
984
984
984
984
935
935
935
935
935
935
875
875
875
875
875
749
749
749
749
749
677
677
677
677
677
677
575
575
575
575
575
476
476
476
476
476
407
407
407
407
407
407
337
337
337
337
337
303
303
303
303
303
265
265
265
265
265
265
251
251
251
251
251
256
256
256
256
256
258
258
258
258
258
258
263
263
263
263
263
259
259
259
259
259
277
277
277
277
277
277
293
293
293
293
293
299
299
299
299
299
349
349
349
349
349
349
368
368
368
368
368
442
442
442
442
442
490
490
490
490
490
490
625
625
625
625
625
817
817
817
817
817
992
992
992
992
992
992
1190
1190
1190
1190
1190
1472
1472
1472
1472
1472
1750
1750
1750
1750
1750
1750
2058
2058
2058
2058
2058
2398
2398
2398
2398
2398
2764
2764
2764
2764
2764
2764
3096
3096
3096
3096
3096
3466
3466
3466
3466
3466
3872
3872
3872
3872
3872
3872
4050
4050
4050
4050
4050
4093
4093
4093
4093
4093
4095
4095
4095
4095
4095
4095
4095
4095
4095
4095
4095
4095
4095
4095
4095
4095
4095
4095
4095
4095
4095
4095
4095
4095
4095
4095
4095
4095
4095
4095
4095
4095
4095
4095
4095
4095
4095
4095
4095
4095
4095
4095
4095
4095
4095
4095
4095
4095
4095
4095
4095
4095
4095
4095
4095
4095
4095
4095
4095
4095
4095
4095
4095
4095
4095
4095
4095
4095
4095
4095
4095
4095
4095
4095
4095
4095
4095
4095
4095
4095
4088
4088
4088
4088
4088
4088
4041
4041
4041
4041
4041
3757
3757
3757
3757
3757
3297
3297
3297
3297
3297
3297
2851
2851
2851
2851
2851
2375
2375
2375
2375
2375
2007
2007
2007
2007
2007
2007
1607
1607
1607
1607
1607
1268
1268
1268
1268
1268
935
935
935
935
935
935
689
689
689
689
689
424
424
424
424
424
301
301
301
301
301
301
160
160
160
160
160
115
115
115
115
115
71
71
71
71
71
71
34
34
34
34
34
20
20
20
20
20
6
6
6
6
6
6
1
1
1
1
1
0
0
0
0
0
0
0
0
0
0
0
0
0
0
0
0
39
39
39
39
39
84
84
84
84
84
84
135
135
135
135
135
222
222
222
222
222
407
407
407
407
407
407
605
605
605
605
605
953
953
953
953
953
1307
1307
1307
1307
1307
1307
1689
1689
1689
1689
1689
2057
2057
2057
2057
2057
2467
2467
2467
2467
2467
2467
2816
2816
2816
2816
2816
3097
3097
3097
3097
3097
3460
3460
3460
3460
3460
3460
3648
3648
3648
3648
3648
3869
3869
3869
3869
3869
3982
3982
3982
3982
3982
3982
4026
4026
4026
4026
4026
4031
4031
4031
4031
4031
4022
4022
4022
4022
4022
4022
3990
3990
3990
3990
3990
3899
3899
3899
3899
3899
3755
3755
3755
3755
3755
3755
3559
3559
3559
3559
3559
3337
3337
3337
3337
3337
3073
3073
3073
3073
3073
3073
2820
2820
2820
2820
2820
2482
2482
2482
2482
2482
2179
2179
2179
2179
2179
2179
1918
1918
1918
1918
1918
1629
1629
1629
1629
1629
1407
1407
1407
1407
1407
1407
1205
1205
1205
1205
1205
1012
1012
1012
1012
1012
858
858
858
858
858
858
695
695
695
695
695
621
621
621
621
621
508
508
508
508
508
508
457
457
457
457
457
379
379
379
379
379
318
318
318
318
318
318
234
234
234
234
234
214
214
214
214
214
162
162
162
162
162
162
179
179
179
179
179
170
170
170
170
170
161
161
161
161
161
161
188
188
188
188
188
276
276
276
276
276
327
327
327
327
327
327
406
406
406
406
406
568
568
568
568
568
812
812
812
812
812
812
946
946
946
946
946
1214
1214
1214
1214
1214
1440
1440
1440
1440
1440
1440
1623
1623
1623
1623
1623
1814
1814
1814
1814
1814
2009
2009
2009
2009
2009
2009
2153
2153
2153
2153
2153
2240
2240
2240
2240
2240
2408
2408
2408
2408
2408
2408
2458
2458
2458
2458
2458
2568
2568
2568
2568
2568
2597
2597
2597
2597
2597
2597
2688
2688
2688
2688
2688
2750
2750
2750
2750
2750
2779
2779
2779
2779
2779
2779
2809
2809
2809
2809
2809
2822
2822
2822
2822
2822
2865
2865
2865
2865
2865
2865
2782
2782
2782
2782
2782
2761
2761
2761
2761
2761
2739
2739
2739
2739
2739
2739
2678
2678
2678
2678
2678
2591
2591
2591
2591
2591
2543
2543
2543
2543
2543
2543
2511
2511
2511
2511
2511
2473
2473
2473
2473
2473
2541
2541
2541
2541
2541
2541
2538
2538
2538
2538
2538
2605
2605
2605
2605
2605
2689
2689
2689
2689
2689
2689
2738
2738
2738
2738
2738
2895
2895
2895
2895
2895
2977
2977
2977
2977
2977
2977
3025
3025
3025
3025
3025
3081
3081
3081
3081
3081
3180
3180
3180
3180
3180
3180
3166
3166
3166
3166
3166
3214
3214
3214
3214
3214
3173
3173
3173
3173
3173
3173
3176
3176
3176
3176
3176
3195
3195
3195
3195
3195
3223
3223
3223
3223
3223
3223
3237
3237
3237
3237
3237
3237
3237
3237
3237
3237
3282
3282
3282
3282
3282
3282
3260
3260
3260
3260
3260
3247
3247
3247
3247
3247
3191
3191
3191
3191
3191
3191
3115
3115
3115
3115
3115
2981
2981
2981
2981
2981
2756
2756
2756
2756
2756
2756
2578
2578
2578
2578
2578
2303
2303
2303
2303
2303
2019
2019
2019
2019
2019
2019
1719
1719
1719
1719
1719
1485
1485
1485
1485
1485
1221
1221
1221
1221
1221
1221
1003
1003
1003
1003
1003
828
828
828
828
828
690
690
690
690
690
690
576
576
576
576
576
475
475
475
475
475
413
413
413
413
413
413
371
371
371
371
371
296
296
296
296
296
315
315
315
315
315
315
278
278
278
278
278
297
297
297
297
297
294
294
294
294
294
294
290
290
290
290
290
320
320
320
320
320
362
362
362
362
362
362
418
418
418
418
418
545
545
545
545
545
684
684
684
684
684
684
826
826
826
826
826
1099
1099
1099
1099
1099
1294
1294
1294
1294
1294
1294
1604
1604
1604
1604
1604
1829
1829
1829
1829
1829
2096
2096
2096
2096
2096
2096
2376
2376
2376
2376
2376
2651
2651
2651
2651
2651
2908
2908
2908
2908
2908
2908
3100
3100
3100
3100
3100
3290
3290
3290
3290
3290
3462
3462
3462
3462
3462
3462
3686
3686
3686
3686
3686
3768
3768
3768
3768
3768
3954
3954
3954
3954
3954
3954
4012
4012
4012
4012
4012
4032
4032
4032
4032
4032
4042
4042
4042
4042
4042
4042
4053
4053
4053
4053
4053
4040
4040
4040
4040
4040
4052
4052
4052
4052
4052
4052
4046
4046
4046
4046
4046
4041
4041
4041
4041
4041
4018
4018
4018
4018
4018
4018
3925
3925
3925
3925
3925
3823
3823
3823
3823
3823
3670
3670
3670
3670
3670
3670
3486
3486
3486
3486
3486
3359
3359
3359
3359
3359
3175
3175
3175
3175
3175
3175
2983
2983
2983
2983
2983
2834
2834
2834
2834
2834
2673
2673
2673
2673
2673
2673
2527
2527
2527
2527
2527
2356
2356
2356
2356
2356
2196
2196
2196
2196
2196
2196
2079
2079
2079
2079
2079
1939
1939
1939
1939
1939
1771
1771
1771
1771
1771
1771
1634
1634
1634
1634
1634
1479
1479
1479
1479
1479
1357
1357
1357
1357
1357
1357
1201
1201
1201
1201
1201
1089
1089
1089
1089
1089
1021
1021
1021
1021
1021
1021
872
872
872
872
872
819
819
819
819
819
776
776
776
776
776
776
756
756
756
756
756
730
730
730
730
730
714
714
714
714
714
714
713
713
713
713
713
727
727
727
727
727
734
734
734
734
734
734
727
727
727
727
727
774
774
774
774
774
777
777
777
777
777
777
898
898
898
898
898
949
949
949
949
949
1012
1012
1012
1012
1012
1012
1096
1096
1096
1096
1096
1223
1223
1223
1223
1223
1369
1369
1369
1369
1369
1369
1539
1539
1539
1539
1539
1697
1697
1697
1697
1697
1933
1933
1933
1933
1933
1933
2105
2105
2105
2105
2105
2328
2328
2328
2328
2328
2510
2510
2510
2510
2510
2510
2722
2722
2722
2722
2722
2947
2947
2947
2947
2947
3094
3094
3094
3094
3094
3094
3249
3249
3249
3249
3249
3367
3367
3367
3367
3367
3472
3472
3472
3472
3472
3472
3613
3613
3613
3613
3613
3654
3654
3654
3654
3654
3708
3708
3708
3708
3708
3708
3689
3689
3689
3689
3689
3684
3684
3684
3684
3684
3679
3679
3679
3679
3679
3679
3600
3600
3600
3600
3600
3506
3506
3506
3506
3506
3446
3446
3446
3446
3446
3446
3257
3257
3257
3257
3257
3177
3177
3177
3177
3177
2968
2968
2968
2968
2968
2968
2779
2779
2779
2779
2779
2585
2585
2585
2585
2585
2352
2352
2352
2352
2352
2352
2101
2101
2101
2101
2101
1960
1960
1960
1960
1960
1735
1735
1735
1735
1735
1735
1525
1525
1525
1525
1525
1403
1403
1403
1403
1403
1278
1278
1278
1278
1278
1278
1132
1132
1132
1132
1132
1087
1087
1087
1087
1087
960
960
960
960
960
960
945
945
945
945
945
888
888
888
888
888
894
894
894
894
894
894
858
858
858
858
858
882
882
882
882
882
932
932
932
932
932
932
995
995
995
995
995
1053
1053
1053
1053
1053
1150
1150
1150
1150
1150
1150
1269
1269
1269
1269
1269
1385
1385
1385
1385
1385
1524
1524
1524
1524
1524
1524
1643
1643
1643
1643
1643
1814
1814
1814
1814
1814
1925
1925
1925
1925
1925
1925
2064
2064
2064
2064
2064
2199
2199
2199