1957
1957
1957
1944
1944
1944
1944
1944
1950
1950
1950
1950
1950
1950
1945
1945
1945
1945
1945
1946
1946
1946
1946
1946
1949
1949
1949
1949
1949
1949
1954
1954
1954
1954
1954
1959
1959
1959
1959
1959
1953
1953
1953
1953
1953
1953
1941
1941
1941
1941
1941
1947
1947
1947
1947
1947
1924
1924
1924
1924
1924
1924
1951
1951
1951
1951
1951
1944
1944
1944
1944
1944
1947
1947
1947
1947
1947
1947
1947
1947
1947
1947
1947
1951
1951
1951
1951
1951
1953
1953
1953
1953
1953
1953
1937
1937
1937
1937
1937
1942
1942
1942
1942
1942
1953
1953
1953
1953
1953
1953
1945
1945
1945
1945
1945
1935
1935
1935
1935
1935
1945
1945
1945
1945
1945
1945
1943
1943
1943
1943
1943
1942
1942
1942
1942
1942
1933
1933
1933
1933
1933
1933
1956
1956
1956
1956
1956
1934
1934
1934
1934
1934
1952
1952
1952
1952
1952
1952
1949
1949
1949
1949
1949
1940
1940
1940
1940
1940
1942
1942
1942
1942
1942
1942
1936
1936
1936
1936
1936
1948
1948
1948
1948
1948
1937
1937
1937
1937
1937
1937
1948
1948
1948
1948
1948
1941
1941
1941
1941
1941
1937
1937
1937
1937
1937
1937
1945
1945
1945
1945
1945
1951
1951
1951
1951
1951
1942
1942
1942
1942
1942
1942
1947
1947
1947
1947
1947
1928
1928
1928
1928
1928
1934
1934
1934
1934
1934
1934
1935
1935
1935
1935
1935
1942
1942
1942
1942
1942
1952
1952
1952
1952
1952
1952
1940
1940
1940
1940
1940
1938
1938
1938
1938
1938
1935
1935
1935
1935
1935
1935
1941
1941
1941
1941
1941
1946
1946
1946
1946
1946
1944
1944
1944
1944
1944
1944
1936
1936
1936
1936
1936
1943
1943
1943
1943
1943
1942
1942
1942
1942
1942
1942
1935
1935
1935
1935
1935
1931
1931
1931
1931
1931
1944
1944
1944
1944
1944
1944
1945
1945
1945
1945
1945
1947
1947
1947
1947
1947
1945
1945
1945
1945
1945
1945
1924
1924
1924
1924
1924
1950
1950
1950
1950
1950
1940
1940
1940
1940
1940
1940
1933
1933
1933
1933
1933
1945
1945
1945
1945
1945
1944
1944
1944
1944
1944
1944
1933
1933
1933
1933
1933
1944
1944
1944
1944
1944
1938
1938
1938
1938
1938
1938
1953
1953
1953
1953
1953
1945
1945
1945
1945
1945
1941
1941
1941
1941
1941
1941
1947
1947
1947
1947
1947
1937
1937
1937
1937
1937
1945
1945
1945
1945
1945
1945
1935
1935
1935
1935
1935
1941
1941
1941
1941
1941
1941
1941
1941
1941
1941
1941
1941
1941
1941
1941
1941
1936
1936
1936
1936
1936
1947
1947
1947
1947
1947
1947
1939
1939
1939
1939
1939
1938
1938
1938
1938
1938
1951
1951
1951
1951
1951
1951
1942
1942
1942
1942
1942
1942
1942
1942
1942
1942
1936
1936
1936
1936
1936
1936
1943
1943
1943
1943
1943
1954
1954
1954
1954
1954
1945
1945
1945
1945
1945
1945
1954
1954
1954
1954
1954
1941
1941
1941
1941
1941
1940
1940
1940
1940
1940
1940
1938
1938
1938
1938
1938
1948
1948
1948
1948
1948
1942
1942
1942
1942
1942
1942
1936
1936
1936
1936
1936
1947
1947
1947
1947
1947
1944
1944
1944
1944
1944
1944
1953
1953
1953
1953
1953
1939
1939
1939
1939
1939
1936
1936
1936
1936
1936
1936
1945
1945
1945
1945
1945
1929
1929
1929
1929
1929
1932
1932
1932
1932
1932
1932
1944
1944
1944
1944
1944
1938
1938
1938
1938
1938
1931
1931
1931
1931
1931
1931
1933
1933
1933
1933
1933
1941
1941
1941
1941
1941
1951
1951
1951
1951
1951
1951
1931
1931
1931
1931
1931
1940
1940
1940
1940
1940
1935
1935
1935
1935
1935
1935
1953
1953
1953
1953
1953
1945
1945
1945
1945
1945
1938
1938
1938
1938
1938
1938
1945
1945
1945
1945
1945
1950
1950
1950
1950
1950
1940
1940
1940
1940
1940
1940
1948
1948
1948
1948
1948
1951
1951
1951
1951
1951
1939
1939
1939
1939
1939
1939
1943
1943
1943
1943
1943
1947
1947
1947
1947
1947
1947
1947
1947
1947
1947
1947
1929
1929
1929
1929
1929
1940
1940
1940
1940
1940
1940
1940
1940
1940
1940
1940
1951
1951
1951
1951
1951
1954
1954
1954
1954
1954
1929
1929
1929
1929
1929
1929
1922
1922
1922
1922
1922
1949
1949
1949
1949
1949
1938
1938
1938
1938
1938
1938
1962
1962
1962
1962
1962
1943
1943
1943
1943
1943
1934
1934
1934
1934
1934
1934
1943
1943
1943
1943
1943
1942
1942
1942
1942
1942
1949
1949
1949
1949
1949
1949
1938
1938
1938
1938
1938
1953
1953
1953
1953
1953
1943
1943
1943
1943
1943
1943
1950
1950
1950
1950
1950
1944
1944
1944
1944
1944
1927
1927
1927
1927
1927
1927
1926
1926
1926
1926
1926
1929
1929
1929
1929
1929
1928
1928
1928
1928
1928
1928
1925
1925
1925
1925
1925
1926
1926
1926
1926
1926
1926
1926
1926
1926
1926
1926
1935
1935
1935
1935
1935
1936
1936
1936
1936
1936
1955
1955
1955
1955
1955
1955
1949
1949
1949
1949
1949
1956
1956
1956
1956
1956
1942
1942
1942
1942
1942
1942
1951
1951
1951
1951
1951
1955
1955
1955
1955
1955
1958
1958
1958
1958
1958
1958
1953
1953
1953
1953
1953
1955
1955
1955
1955
1955
1943
1943
1943
1943
1943
1943
1930
1930
1930
1930
1930
1948
1948
1948
1948
1948
1944
1944
1944
1944
1944
1944
1942
1942
1942
1942
1942
1921
1921
1921
1921
1921
1942
1942
1942
1942
1942
1942
1941
1941
1941
1941
1941
1942
1942
1942
1942
1942
1952
1952
1952
1952
1952
1952
1953
1953
1953
1953
1953
1955
1955
1955
1955
1955
1950
1950
1950
1950
1950
1950
1949
1949
1949
1949
1949
1930
1930
1930
1930
1930
1930
1930
1930
1930
1930
1930
1921
1921
1921
1921
1921
1927
1927
1927
1927
1927
1921
1921
1921
1921
1921
1921
1930
1930
1930
1930
1930
1923
1923
1923
1923
1923
1934
1934
1934
1934
1934
1934
1928
1928
1928
1928
1928
1936
1936
1936
1936
1936
1951
1951
1951
1951
1951
1951
1934
1934
1934
1934
1934
1952
1952
1952
1952
1952
1933
1933
1933
1933
1933
1933
1924
1924
1924
1924
1924
1939
1939
1939
1939
1939
1925
1925
1925
1925
1925
1925
1927
1927
1927
1927
1927
1913
1913
1913
1913
1913
1928
1928
1928
1928
1928
1928
1918
1918
1918
1918
1918
1907
1907
1907
1907
1907
1916
1916
1916
1916
1916
1916
1917
1917
1917
1917
1917
1946
1946
1946
1946
1946
1937
1937
1937
1937
1937
1937
1961
1961
1961
1961
1961
1976
1976
1976
1976
1976
1961
1961
1961
1961
1961
1961
1965
1965
1965
1965
1965
1963
1963
1963
1963
1963
1965
1965
1965
1965
1965
1965
1971
1971
1971
1971
1971
1962
1962
1962
1962
1962
1958
1958
1958
1958
1958
1958
1965
1965
1965
1965
1965
1945
1945
1945
1945
1945
1933
1933
1933
1933
1933
1933
1932
1932
1932
1932
1932
1919
1919
1919
1919
1919
1903
1903
1903
1903
1903
1903
1895
1895
1895
1895
1895
1890
1890
1890
1890
1890
1918
1918
1918
1918
1918
1918
1913
1913
1913
1913
1913
1923
1923
1923
1923
1923
1936
1936
1936
1936
1936
1936
1950
1950
1950
1950
1950
1954
1954
1954
1954
1954
1960
1960
1960
1960
1960
1960
1952
1952
1952
1952
1952
1958
1958
1958
1958
1958
1967
1967
1967
1967
1967
1967
1965
1965
1965
1965
1965
1955
1955
1955
1955
1955
1973
1973
1973
1973
1973
1973
1971
1971
1971
1971
1971
1972
1972
1972
1972
1972
1965
1965
1965
1965
1965
1965
1991
1991
1991
1991
1991
1996
1996
1996
1996
1996
1981
1981
1981
1981
1981
1981
1972
1972
1972
1972
1972
1959
1959
1959
1959
1959
1954
1954
1954
1954
1954
1954
1938
1938
1938
1938
1938
1905
1905
1905
1905
1905
1914
1914
1914
1914
1914
1914
1918
1918
1918
1918
1918
1920
1920
1920
1920
1920
1920
1920
1920
1920
1920
1920
1947
1947
1947
1947
1947
1937
1937
1937
1937
1937
1958
1958
1958
1958
1958
1958
1937
1937
1937
1937
1937
1933
1933
1933
1933
1933
1927
1927
1927
1927
1927
1927
1922
1922
1922
1922
1922
1920
1920
1920
1920
1920
1924
1924
1924
1924
1924
1924
1942
1942
1942
1942
1942
1933
1933
1933
1933
1933
1949
1949
1949
1949
1949
1949
1954
1954
1954
1954
1954
1943
1943
1943
1943
1943
1941
1941
1941
1941
1941
1941
1916
1916
1916
1916
1916
1918
1918
1918
1918
1918
1890
1890
1890
1890
1890
1890
1884
1884
1884
1884
1884
1849
1849
1849
1849
1849
1854
1854
1854
1854
1854
1854
1849
1849
1849
1849
1849
1843
1843
1843
1843
1843
1854
1854
1854
1854
1854
1854
1861
1861
1861
1861
1861
1844
1844
1844
1844
1844
1865
1865
1865
1865
1865
1865
1859
1859
1859
1859
1859
1840
1840
1840
1840
1840
1856
1856
1856
1856
1856
1856
1836
1836
1836
1836
1836
1817
1817
1817
1817
1817
1801
1801
1801
1801
1801
1801
1787
1787
1787
1787
1787
1764
1764
1764
1764
1764
1741
1741
1741
1741
1741
1741
1697
1697
1697
1697
1697
1652
1652
1652
1652
1652
1572
1572
1572
1572
1572
1572
1497
1497
1497
1497
1497
1414
1414
1414
1414
1414
1335
1335
1335
1335
1335
1335
1285
1285
1285
1285
1285
1254
1254
1254
1254
1254
1239
1239
1239
1239
1239
1239
1238
1238
1238
1238
1238
1323
1323
1323
1323
1323
1455
1455
1455
1455
1455
1455
1666
1666
1666
1666
1666
1975
1975
1975
1975
1975
2319
2319
2319
2319
2319
2319
2643
2643
2643
2643
2643
2901
2901
2901
2901
2901
3060
3060
3060
3060
3060
3060
3082
3082
3082
3082
3082
2982
2982
2982
2982
2982
2810
2810
2810
2810
2810
2810
2596
2596
2596
2596
2596
2382
2382
2382
2382
2382
2217
2217
2217
2217
2217
2217
2091
2091
2091
2091
2091
2023
2023
2023
2023
2023
1992
1992
1992
1992
1992
1992
1996
1996
1996
1996
1996
2013
2013
2013
2013
2013
2054
2054
2054
2054
2054
2054
2093
2093
2093
2093
2093
2093
2093
2093
2093
2093
2138
2138
2138
2138
2138
2138
2157
2157
2157
2157
2157
2194
2194
2194
2194
2194
2203
2203
2203
2203
2203
2203
2216
2216
2216
2216
2216
2203
2203
2203
2203
2203
2185
2185
2185
2185
2185
2185
2116
2116
2116
2116
2116
2052
2052
2052
2052
2052
1976
1976
1976
1976
1976
1976
1905
1905
1905
1905
1905
1851
1851
1851
1851
1851
1806
1806
1806
1806
1806
1806
1731
1731
1731
1731
1731
1663
1663
1663
1663
1663
1586
1586
1586
1586
1586
1586
1507
1507
1507
1507
1507
1400
1400
1400
1400
1400
1329
1329
1329
1329
1329
1329
1269
1269
1269
1269
1269
1233
1233
1233
1233
1233
1220
1220
1220
1220
1220
1220
1238
1238
1238
1238
1238
1276
1276
1276
1276
1276
1338
1338
1338
1338
1338
1338
1434
1434
1434
1434
1434
1533
1533
1533
1533
1533
1628
1628
1628
1628
1628
1628
1692
1692
1692
1692
1692
1721
1721
1721
1721
1721
1735
1735
1735
1735
1735
1735
1719
1719
1719
1719
1719
1703
1703
1703
1703
1703
1693
1693
1693
1693
1693
1693
1712
1712
1712
1712
1712
1782
1782
1782
1782
1782
1892
1892
1892
1892
1892
1892
2062
2062
2062
2062
2062
2234
2234
2234
2234
2234
2406
2406
2406
2406
2406
2406
2537
2537
2537
2537
2537
2595
2595
2595
2595
2595
2594
2594
2594
2594
2594
2594
2502
2502
2502
2502
2502
2387
2387
2387
2387
2387
2262
2262
2262
2262
2262
2262
2172
2172
2172
2172
2172
2136
2136
2136
2136
2136
2173
2173
2173
2173
2173
2173
2269
2269
2269
2269
2269
2448
2448
2448
2448
2448
2660
2660
2660
2660
2660
2660
2868
2868
2868
2868
2868
3076
3076
3076
3076
3076
3241
3241
3241
3241
3241
3241
3317
3317
3317
3317
3317
3364
3364
3364
3364
3364
3367
3367
3367
3367
3367
3367
3335
3335
3335
3335
3335
3275
3275
3275
3275
3275
3232
3232
3232
3232
3232
3232
3169
3169
3169
3169
3169
3103
3103
3103
3103
3103
3001
3001
3001
3001
3001
3001
2926
2926
2926
2926
2926
2857
2857
2857
2857
2857
2783
2783
2783
2783
2783
2783
2732
2732
2732
2732
2732
2696
2696
2696
2696
2696
2660
2660
2660
2660
2660
2660
2641
2641
2641
2641
2641
2575
2575
2575
2575
2575
2501
2501
2501
2501
2501
2501
2390
2390
2390
2390
2390
2225
2225
2225
2225
2225
2051
2051
2051
2051
2051
2051
1856
1856
1856
1856
1856
1669
1669
1669
1669
1669
1514
1514
1514
1514
1514
1514
1411
1411
1411
1411
1411
1330
1330
1330
1330
1330
1291
1291
1291
1291
1291
1291
1258
1258
1258
1258
1258
1247
1247
1247
1247
1247
1216
1216
1216
1216
1216
1216
1188
1188
1188
1188
1188
1149
1149
1149
1149
1149
1080
1080
1080
1080
1080
1080
1028
1028
1028
1028
1028
977
977
977
977
977
945
945
945
945
945
945
922
922
922
922
922
918
918
918
918
918
911
911
911
911
911
911
925
925
925
925
925
944
944
944
944
944
986
986
986
986
986
986
1036
1036
1036
1036
1036
1116
1116
1116
1116
1116
1195
1195
1195
1195
1195
1195
1287
1287
1287
1287
1287
1348
1348
1348
1348
1348
1414
1414
1414
1414
1414
1414
1459
1459
1459
1459
1459
1510
1510
1510
1510
1510
1610
1610
1610
1610
1610
1610
1769
1769
1769
1769
1769
1998
1998
1998
1998
1998
2310
2310
2310
2310
2310
2310
2687
2687
2687
2687
2687
3105
3105
3105
3105
3105
3508
3508
3508
3508
3508
3508
3848
3848
3848
3848
3848
4095
4095
4095
4095
4095
4095
4095
4095
4095
4095
4095
4095
4095
4095
4095
4095
4095
4095
4095
4095
4095
4095
4095
4095
4095
4095
4095
4095
4095
4095
4095
4095
4012
4012
4012
4012
4012
3894
3894
3894
3894
3894
3894
3767
3767
3767
3767
3767
3632
3632
3632
3632
3632
3488
3488
3488
3488
3488
3488
3331
3331
3331
3331
3331
3198
3198
3198
3198
3198
3017
3017
3017
3017
3017
3017
2848
2848
2848
2848
2848
2605
2605
2605
2605
2605
2328
2328
2328
2328
2328
2328
2020
2020
2020
2020
2020
1713
1713
1713
1713
1713
1445
1445
1445
1445
1445
1445
1246
1246
1246
1246
1246
1120
1120
1120
1120
1120
1061
1061
1061
1061
1061
1061
1040
1040
1040
1040
1040
1036
1036
1036
1036
1036
1043
1043
1043
1043
1043
1043
1077
1077
1077
1077
1077
1127
1127
1127
1127
1127
1190
1190
1190
1190
1190
1190
1246
1246
1246
1246
1246
1312
1312
1312
1312
1312
1383
1383
1383
1383
1383
1383
1456
1456
1456
1456
1456
1523
1523
1523
1523
1523
1603
1603
1603
1603
1603
1603
1702
1702
1702
1702
1702
1817
1817
1817
1817
1817
1966
1966
1966
1966
1966
1966
2135
2135
2135
2135
2135
2332
2332
2332
2332
2332
2529
2529
2529
2529
2529
2529
2735
2735
2735
2735
2735
2892
2892
2892
2892
2892
2998
2998
2998
2998
2998
2998
3024
3024
3024
3024
3024
2988
2988
2988
2988
2988
2838
2838
2838
2838
2838
2838
2646
2646
2646
2646
2646
2407
2407
2407
2407
2407
2160
2160
2160
2160
2160
2160
1951
1951
1951
1951
1951
1756
1756
1756
1756
1756
1590
1590
1590
1590
1590
1590
1457
1457
1457
1457
1457
1342
1342
1342
1342
1342
1285
1285
1285
1285
1285
1285
1229
1229
1229
1229
1229
1213
1213
1213
1213
1213
1202
1202
1202
1202
1202
1202
1218
1218
1218
1218
1218
1247
1247
1247
1247
1247
1270
1270
1270
1270
1270
1270
1310
1310
1310
1310
1310
1340
1340
1340
1340
1340
1368
1368
1368
1368
1368
1368
1437
1437
1437
1437
1437
1496
1496
1496
1496
1496
1603
1603
1603
1603
1603
1603
1773
1773
1773
1773
1773
1963
1963
1963
1963
1963
2248
2248
2248
2248
2248
2248
2539
2539
2539
2539
2539
2829
2829
2829
2829
2829
3114
3114
3114
3114
3114
3114
3292
3292
3292
3292
3292
3433
3433
3433
3433
3433
3489
3489
3489
3489
3489
3489
3515
3515
3515
3515
3515
3472
3472
3472
3472
3472
3431
3431
3431
3431
3431
3431
3368
3368
3368
3368
3368
3269
3269
3269
3269
3269
3174
3174
3174
3174
3174
3174
2993
2993
2993
2993
2993
2786
2786
2786
2786
2786
2531
2531
2531
2531
2531
2531
2251
2251
2251
2251
2251
1961
1961
1961
1961
1961
1694
1694
1694
1694
1694
1694
1451
1451
1451
1451
1451
1266
1266
1266
1266
1266
1156
1156
1156
1156
1156
1156
1081
1081
1081
1081
1081
1045
1045
1045
1045
1045
1023
1023
1023
1023
1023
1023
1019
1019
1019
1019
1019
1019
1019
1019
1019
1019
1043
1043
1043
1043
1043
1043
1079
1079
1079
1079
1079
1108
1108
1108
1108
1108
1150
1150
1150
1150
1150
1150
1227
1227
1227
1227
1227
1315
1315
1315
1315
1315
1420
1420
1420
1420
1420
1420
1569
1569
1569
1569
1569
1743
1743
1743
1743
1743
1904
1904
1904
1904
1904
1904
2126
2126
2126
2126
2126
2367
2367
2367
2367
2367
2575
2575
2575
2575
2575
2575
2791
2791
2791
2791
2791
2979
2979
2979
2979
2979
3108
3108
3108
3108
3108
3108
3170
3170
3170
3170
3170
3165
3165
3165
3165
3165
3080
3080
3080
3080
3080
3080
2927
2927
2927
2927
2927
2733
2733
2733
2733
2733
2504
2504
2504
2504
2504
2504
2237
2237
2237
2237
2237
2017
2017
2017
2017
2017
1805
1805
1805
1805
1805
1805
1646
1646
1646
1646
1646
1483
1483
1483
1483
1483
1383
1383
1383
1383
1383
1383
1281
1281
1281
1281
1281
1211
1211
1211
1211
1211
1170
1170
1170
1170
1170
1170
1131
1131
1131
1131
1131
1120
1120
1120
1120
1120
1113
1113
1113
1113
1113
1113
1145
1145
1145
1145
1145
1164
1164
1164
1164
1164
1205
1205
1205
1205
1205
1205
1278
1278
1278
1278
1278
1360
1360
1360
1360
1360
1475
1475
1475
1475
1475
1475
1619
1619
1619
1619
1619
1788
1788
1788
1788
1788
1984
1984
1984
1984
1984
1984
2184
2184
2184
2184
2184
2421
2421
2421
2421
2421
2639
2639
2639
2639
2639
2639
2828
2828
2828
2828
2828
2981
2981
2981
2981
2981
3075
3075
3075
3075
3075
3075
3105
3105
3105
3105
3105
3072
3072
3072
3072
3072
2995
2995
2995
2995
2995
2995
2923
2923
2923
2923
2923
2819
2819
2819
2819
2819
2736
2736
2736
2736
2736
2736
2665
2665
2665
2665
2665
2603
2603
2603
2603
2603
2549
2549
2549
2549
2549
2549
2502
2502
2502
2502
2502
2433
2433
2433
2433
2433
2322
2322
2322
2322
2322
2322
2202
2202
2202
2202
2202
2059
2059
2059
2059
2059
1895
1895
1895
1895
1895
1895
1718
1718
1718
1718
1718
1584
1584
1584
1584
1584
1468
1468
1468
1468
1468
1468
1395
1395
1395
1395
1395
1360
1360
1360
1360
1360
1355
1355
1355
1355
1355
1355
1390
1390
1390
1390
1390
1440
1440
1440
1440
1440
1490
1490
1490
1490
1490
1490
1546
1546
1546
1546
1546
1608
1608
1608
1608
1608
1660
1660
1660
1660
1660
1660
1685
1685
1685
1685
1685
1699
1699
1699
1699
1699
1721
1721
1721
1721
1721
1721
1745
1745
1745
1745
1745
1771
1771
1771
1771
1771
1827
1827
1827
1827
1827
1827
1904
1904
1904
1904
1904
1963
1963
1963
1963
1963
2045
2045
2045
2045
2045
2045
2124
2124
2124
2124
2124
2167
2167
2167
2167
2167
2197
2197
2197
2197
2197
2197
2195
2195
2195
2195
2195
2186
2186
2186
2186
2186
2170
2170
2170
2170
2170
2170
2152
2152
2152
2152
2152
2129
2129
2129
2129
2129
2116
2116
2116
2116
2116
2116
2095
2095
2095
2095
2095
2073
2073
2073
2073
2073
2059
2059
2059
2059
2059
2059
2039
2039
2039
2039
2039
2019
2019
2019
2019
2019
1987
1987
1987
1987
1987
1987
1969
1969
1969
1969
1969
1929
1929
1929
1929
1929
1890
1890
1890
1890
1890
1890
1874
1874
1874
1874
1874
1847
1847
1847
1847
1847
1829
1829
1829
1829
1829
1829
1822
1822
1822
1822
1822
1840
1840
1840
1840
1840
1881
1881
1881
1881
1881
1881
1918
1918
1918
1918
1918
1958
1958
1958
1958
1958
2020
2020
2020
2020
2020
2020
2080
2080
2080
2080
2080
2139
2139
2139
2139
2139
2202
2202
2202
2202
2202
2202
2260
2260
2260
2260
2260
2318
2318
2318
2318
2318
2344
2344
2344
2344
2344
2344
2363
2363
2363
2363
2363
2340
2340
2340
2340
2340
2300
2300
2300
2300
2300
2300
2249
2249
2249
2249
2249
2198
2198
2198
2198
2198
2131
2131
2131
2131
2131
2131
2095
2095
2095
2095
2095
2082
2082
2082
2082
2082
2049
2049
2049
2049
2049
2049
2079
2079
2079
2079
2079
2079
2079
2079
2079
2079
2071
2071
2071
2071
2071
2071
2041
2041
2041
2041
2041
1991
1991
1991
1991
1991
1929
1929
1929
1929
1929
1929
1864
1864
1864
1864
1864
1799
1799
1799
1799
1799
1750
1750
1750
1750
1750
1750
1721
1721
1721
1721
1721
1691
1691
1691
1691
1691
1703
1703
1703
1703
1703
1703
1722
1722
1722
1722
1722
1717
1717
1717
1717
1717
1735
1735
1735
1735
1735
1735
1744
1744
1744
1744
1744
1744
1744
1744
1744
1744
1748
1748
1748
1748
1748
1748
1763
1763
1763
1763
1763
1763
1763
1763
1763
1763
1782
1782
1782
1782
1782
1782
1819
1819
1819
1819
1819
1857
1857
1857
1857
1857
1892
1892
1892
1892
1892
1892
1930
1930
1930
1930
1930
1956
1956
1956
1956
1956
1994
1994
1994
1994
1994
1994
2003
2003
2003
2003
2003
1992
1992
1992
1992
1992
1995
1995
1995
1995
1995
1995
2001
2001
2001
2001
2001
1983
1983
1983
1983
1983
1982
1982
1982
1982
1982
1982
1966
1966
1966
1966
1966
1952
1952
1952
1952
1952
1947
1947
1947
1947
1947
1947
1906
1906
1906
1906
1906
1870
1870
1870
1870
1870
1837
1837
1837
1837
1837
1837
1808
1808
1808
1808
1808
1781
1781
1781
1781
1781
1766
1766
1766
1766
1766
1766
1753
1753
1753
1753
1753
1792
1792
1792
1792
1792
1835
1835
1835
1835
1835
1835
1882
1882
1882
1882
1882
1971
1971
1971
1971
1971
2014
2014
2014
2014
2014
2014
2069
2069
2069
2069
2069
2114
2114
2114
2114
2114
2127
2127
2127
2127
2127
2127
2140
2140
2140
2140
2140
2153
2153
2153
2153
2153
2143
2143
2143
2143
2143
2143
2155
2155
2155
2155
2155
2144
2144
2144
2144
2144
2160
2160
2160
2160
2160
2160
2144
2144
2144
2144
2144
2129
2129
2129
2129
2129
2111
2111
2111
2111
2111
2111
2097
2097
2097
2097
2097
2086
2086
2086
2086
2086
2060
2060
2060
2060
2060
2060
2031
2031
2031
2031
2031
2039
2039
2039
2039
2039
2028
2028
2028
2028
2028
2028
2004
2004
2004
2004
2004
1991
1991
1991
1991
1991
1994
1994
1994
1994
1994
1994
1987
1987
1987
1987
1987
1954
1954
1954
1954
1954
1963
1963
1963
1963
1963
1963
1935
1935
1935
1935
1935
1931
1931
1931
1931
1931
1920
1920
1920
1920
1920
1920
1937
1937
1937
1937
1937
1943
1943
1943
1943
1943
1949
1949
1949
1949
1949
1949
1964
1964
1964
1964
1964
1983
1983
1983
1983
1983
1999
1999
1999
1999
1999
1999
1992
1992
1992
1992
1992
1990
1990
1990
1990
1990
2007
2007
2007
2007
2007
2007
2011
2011
2011
2011
2011
2008
2008
2008
2008
2008
2019
2019
2019
2019
2019
2019
2012
2012
2012
2012
2012
2006
2006
2006
2006
2006
1995
1995
1995
1995
1995
1995
1966
1966
1966
1966
1966
1950
1950
1950
1950
1950
1910
1910
1910
1910
1910
1910
1866
1866
1866
1866
1866
1862
1862
1862
1862
1862
1842
1842
1842
1842
1842
1842
1832
1832
1832
1832
1832
1851
1851
1851
1851
1851
1871
1871
1871
1871
1871
1871
1898
1898
1898
1898
1898
1908
1908
1908
1908
1908
1934
1934
1934
1934
1934
1934
1939
1939
1939
1939
1939
1940
1940
1940
1940
1940
1927
1927
1927
1927
1927
1927
1898
1898
1898
1898
1898
1904
1904
1904
1904
1904
1892
1892
1892
1892
1892
1892
1893
1893
1893
1893
1893
1880
1880
1880
1880
1880
1911
1911
1911
1911
1911
1911
1903
1903
1903
1903
1903
1912
1912
1912
1912
1912
1893
1893
1893
1893
1893
1893
1885
1885
1885
1885
1885
1888
1888
1888
1888
1888
1887
1887
1887
1887
1887
1887
1887
1887
1887
1887
1887
1894
1894
1894
1894
1894
1902
1902
1902
1902
1902
1902
1895
1895
1895
1895
1895
1886
1886
1886
1886
1886
1908
1908
1908
1908
1908
1908
1908
1908
1908
1908
1908
1898
1898
1898
1898
1898
1902
1902
1902
1902
1902
1902
1908
1908
1908
1908
1908
1919
1919
1919
1919
1919
1963
1963
1963
1963
1963
1963
2000
2000
2000
2000
2000
2022
2022
2022
2022
2022
2065
2065
2065
2065
2065
2065
2123
2123
2123
2123
2123
2133
2133
2133
2133
2133
2156
2156
2156
2156
2156
2156
2173
2173
2173
2173
2173
2167
2167
2167
2167
2167
2198
2198
2198
2198
2198
2198
2203
2203
2203
2203
2203
2209
2209
2209
2209
2209
2211
2211
2211
2211
2211
2211
2235
2235
2235
2235
2235
2237
2237
2237
2237
2237
2235
2235
2235
2235
2235
2235
2241
2241
2241
2241
2241
2217
2217
2217
2217
2217
2191
2191
2191
2191
2191
2191
2167
2167
2167
2167
2167
2121
2121
2121
2121
2121
2073
2073
2073
2073
2073
2073
2048
2048
2048
2048
2048
2005
2005
2005
2005
2005
1983
1983
1983
1983
1983
1983
1963
1963
1963
1963
1963
1946
1946
1946
1946
1946
1938
1938
1938
1938
1938
1938
1912
1912
1912
1912
1912
1872
1872
1872
1872
1872
1830
1830
1830
1830
1830
1830
1807
1807
1807
1807
1807
1786
1786
1786
1786
1786
1754
1754
1754
1754
1754
1754
1740
1740
1740
1740
1740
1721
1721
1721
1721
1721
1728
1728
1728
1728
1728
1728
1741
1741
1741
1741
1741
1765
1765
1765
1765
1765
1774
1774
1774
1774
1774
1774
1782
1782
1782
1782
1782
1805
1805
1805
1805
1805
1794
1794
1794
1794
1794
1794
1785
1785
1785
1785
1785
1787
1787
1787
1787
1787
1793
1793
1793
1793
1793
1793
1799
1799
1799
1799
1799
1808
1808
1808
1808
1808
1845
1845
1845
1845
1845
1845
1867
1867
1867
1867
1867
1905
1905
1905
1905
1905
1927
1927
1927
1927
1927
1927
1957
1957
1957
1957
1957
1980
1980
1980
1980
1980
1998
1998
1998
1998
1998
1998
2011
2011
2011
2011
2011
2017
2017
2017
2017
2017
2017
2017
2017
2017
2017
2017
2020
2020
2020
2020
2020
2045
2045
2045
2045
2045
2019
2019
2019
2019
2019
2019
2025
2025
2025
2025
2025
2020
2020
2020
2020
2020
2012
2012
2012
2012
2012
2012
2023
2023
2023
2023
2023
2016
2016
2016
2016
2016
2010
2010
2010
2010
2010
2010
2009
2009
2009
2009
2009
2007
2007
2007
2007
2007
2023
2023
2023
2023
2023
2023
2038
2038
2038
2038
2038
2037
2037
2037
2037
2037
2062
2062
2062
2062
2062
2062
2046
2046
2046
2046
2046
2042
2042
2042
2042
2042
2045
2045
2045
2045
2045
2045
2050
2050
2050
2050
2050
2051
2051
2051
2051
2051
2072
2072
2072
2072
2072
2072
2099
2099
2099
2099
2099
2108
2108
2108
2108
2108
2140
2140
2140
2140
2140
2140
2171
2171
2171
2171
2171
2198
2198
2198
2198
2198
2200
2200
2200
2200
2200
2200
2200
2200
2200
2200
2200
2180
2180
2180
2180
2180
2165
2165
2165
2165
2165
2165
2131
2131
2131
2131
2131
2089
2089
2089
2089
2089
2073
2073
2073
2073
2073
2073
2048
2048
2048
2048
2048
2045
2045
2045
2045
2045
2012
2012
2012
2012
2012
2012
1974
1974
1974
1974
1974
1961
1961
1961
1961
1961
1938
1938
1938
1938
1938
1938
1899
1899
1899
1899
1899
1866
1866
1866
1866
1866
1839
1839
1839
1839
1839
1839
1831
1831
1831
1831
1831
1800
1800
1800
1800
1800
1795
1795
1795
1795
1795
1795
1800
1800
1800
1800
1800
1769
1769
1769
1769
1769
1791
1791
1791
1791
1791
1791
1781
1781
1781
1781
1781
1794
1794
1794
1794
1794
1805
1805
1805
1805
1805
1805
1814
1814
1814
1814
1814
1828
1828
1828
1828
1828
1824
1824
1824
1824
1824
1824
1831
1831
1831
1831
1831
1844
1844
1844
1844
1844
1877
1877
1877
1877
1877
1877
1904
1904
1904
1904
1904
1920
1920
1920
1920
1920
1947
1947
1947
1947
1947
1947
1954
1954
1954
1954
1954
1952
1952
1952
1952
1952
1937
1937
1937
1937
1937
1937
1922
1922
1922
1922
1922
1911
1911
1911
1911
1911
1908
1908
1908
1908
1908
1908
1892
1892
1892
1892
1892
1913
1913
1913
1913
1913
1922
1922
1922
1922
1922
1922
1940
1940
1940
1940
1940
1942
1942
1942
1942
1942
1959
1959
1959
1959
1959
1959
1958
1958
1958
1958
1958
1936
1936
1936
1936
1936
1903
1903
1903
1903
1903
1903
1910
1910
1910
1910
1910
1881
1881
1881
1881
1881
1893
1893
1893
1893
1893
1893
1910
1910
1910
1910
1910
1947
1947
1947
1947
1947
1974
1974
1974
1974
1974
1974
2032
2032
2032
2032
2032
2085
2085
2085
2085
2085
2111
2111
2111
2111
2111
2111
2142
2142
2142
2142
2142
2160
2160
2160
2160
2160
2185
2185
2185
2185
2185
2185
2208
2208
2208
2208
2208
2214
2214
2214
2214
2214
2207
2207
2207
2207
2207
2207
2214
2214
2214
2214
2214
2208
2208
2208
2208
2208
2178
2178
2178
2178
2178
2178
2172
2172
2172
2172
2172
2162
2162
2162
2162