1970
1970
1970
1970
1970
1970
1963
1963
1963
1963
1963
1959
1959
1959
1959
1959
1947
1947
1947
1947
1947
1947
1955
1955
1955
1955
1955
1965
1965
1965
1965
1965
1941
1941
1941
1941
1941
1941
1957
1957
1957
1957
1957
1950
1950
1950
1950
1950
1955
1955
1955
1955
1955
1955
1958
1958
1958
1958
1958
1959
1959
1959
1959
1959
1952
1952
1952
1952
1952
1952
1963
1963
1963
1963
1963
1966
1966
1966
1966
1966
1956
1956
1956
1956
1956
1956
1944
1944
1944
1944
1944
1950
1950
1950
1950
1950
1948
1948
1948
1948
1948
1948
1962
1962
1962
1962
1962
1955
1955
1955
1955
1955
1951
1951
1951
1951
1951
1951
1961
1961
1961
1961
1961
1948
1948
1948
1948
1948
1967
1967
1967
1967
1967
1967
1939
1939
1939
1939
1939
1952
1952
1952
1952
1952
1964
1964
1964
1964
1964
1964
1951
1951
1951
1951
1951
1959
1959
1959
1959
1959
1941
1941
1941
1941
1941
1941
1959
1959
1959
1959
1959
1955
1955
1955
1955
1955
1946
1946
1946
1946
1946
1946
1953
1953
1953
1953
1953
1952
1952
1952
1952
1952
1957
1957
1957
1957
1957
1957
1949
1949
1949
1949
1949
1967
1967
1967
1967
1967
1967
1967
1967
1967
1967
1967
1950
1950
1950
1950
1950
1944
1944
1944
1944
1944
1945
1945
1945
1945
1945
1945
1953
1953
1953
1953
1953
1962
1962
1962
1962
1962
1945
1945
1945
1945
1945
1945
1949
1949
1949
1949
1949
1952
1952
1952
1952
1952
1958
1958
1958
1958
1958
1958
1947
1947
1947
1947
1947
1943
1943
1943
1943
1943
1960
1960
1960
1960
1960
1960
1961
1961
1961
1961
1961
1950
1950
1950
1950
1950
1954
1954
1954
1954
1954
1954
1967
1967
1967
1967
1967
1951
1951
1951
1951
1951
1968
1968
1968
1968
1968
1968
1950
1950
1950
1950
1950
1950
1950
1950
1950
1950
1957
1957
1957
1957
1957
1957
1957
1957
1957
1957
1957
1944
1944
1944
1944
1944
1941
1941
1941
1941
1941
1941
1947
1947
1947
1947
1947
1947
1947
1947
1947
1947
1959
1959
1959
1959
1959
1959
1943
1943
1943
1943
1943
1953
1953
1953
1953
1953
1941
1941
1941
1941
1941
1941
1954
1954
1954
1954
1954
1951
1951
1951
1951
1951
1954
1954
1954
1954
1954
1954
1949
1949
1949
1949
1949
1938
1938
1938
1938
1938
1942
1942
1942
1942
1942
1942
1941
1941
1941
1941
1941
1959
1959
1959
1959
1959
1939
1939
1939
1939
1939
1939
1950
1950
1950
1950
1950
1947
1947
1947
1947
1947
1955
1955
1955
1955
1955
1955
1941
1941
1941
1941
1941
1954
1954
1954
1954
1954
1936
1936
1936
1936
1936
1936
1950
1950
1950
1950
1950
1953
1953
1953
1953
1953
1932
1932
1932
1932
1932
1932
1925
1925
1925
1925
1925
1949
1949
1949
1949
1949
1936
1936
1936
1936
1936
1936
1943
1943
1943
1943
1943
1923
1923
1923
1923
1923
1930
1930
1930
1930
1930
1930
1938
1938
1938
1938
1938
1934
1934
1934
1934
1934
1932
1932
1932
1932
1932
1932
1928
1928
1928
1928
1928
1930
1930
1930
1930
1930
1921
1921
1921
1921
1921
1921
1952
1952
1952
1952
1952
1931
1931
1931
1931
1931
1953
1953
1953
1953
1953
1953
1947
1947
1947
1947
1947
1948
1948
1948
1948
1948
1940
1940
1940
1940
1940
1940
1960
1960
1960
1960
1960
1953
1953
1953
1953
1953
1961
1961
1961
1961
1961
1961
1964
1964
1964
1964
1964
1951
1951
1951
1951
1951
1964
1964
1964
1964
1964
1964
1959
1959
1959
1959
1959
1951
1951
1951
1951
1951
1953
1953
1953
1953
1953
1953
1930
1930
1930
1930
1930
1933
1933
1933
1933
1933
1924
1924
1924
1924
1924
1924
1920
1920
1920
1920
1920
1916
1916
1916
1916
1916
1924
1924
1924
1924
1924
1924
1912
1912
1912
1912
1912
1909
1909
1909
1909
1909
1901
1901
1901
1901
1901
1901
1898
1898
1898
1898
1898
1898
1898
1898
1898
1898
1905
1905
1905
1905
1905
1905
1916
1916
1916
1916
1916
1955
1955
1955
1955
1955
1975
1975
1975
1975
1975
1975
2028
2028
2028
2028
2028
2045
2045
2045
2045
2045
2070
2070
2070
2070
2070
2070
2094
2094
2094
2094
2094
2090
2090
2090
2090
2090
2097
2097
2097
2097
2097
2097
2085
2085
2085
2085
2085
2066
2066
2066
2066
2066
2028
2028
2028
2028
2028
2028
2007
2007
2007
2007
2007
1988
1988
1988
1988
1988
1954
1954
1954
1954
1954
1954
1934
1934
1934
1934
1934
1913
1913
1913
1913
1913
1902
1902
1902
1902
1902
1902
1895
1895
1895
1895
1895
1894
1894
1894
1894
1894
1899
1899
1899
1899
1899
1899
1915
1915
1915
1915
1915
1929
1929
1929
1929
1929
1944
1944
1944
1944
1944
1944
1965
1965
1965
1965
1965
1966
1966
1966
1966
1966
1992
1992
1992
1992
1992
1992
1992
1992
1992
1992
1992
1990
1990
1990
1990
1990
1982
1982
1982
1982
1982
1982
1989
1989
1989
1989
1989
1979
1979
1979
1979
1979
1972
1972
1972
1972
1972
1972
1947
1947
1947
1947
1947
1949
1949
1949
1949
1949
1944
1944
1944
1944
1944
1944
1956
1956
1956
1956
1956
1953
1953
1953
1953
1953
1952
1952
1952
1952
1952
1952
1947
1947
1947
1947
1947
1961
1961
1961
1961
1961
1959
1959
1959
1959
1959
1959
1951
1951
1951
1951
1951
1935
1935
1935
1935
1935
1947
1947
1947
1947
1947
1947
1953
1953
1953
1953
1953
1950
1950
1950
1950
1950
1957
1957
1957
1957
1957
1957
1956
1956
1956
1956
1956
1973
1973
1973
1973
1973
1970
1970
1970
1970
1970
1970
1976
1976
1976
1976
1976
1995
1995
1995
1995
1995
1995
1995
1995
1995
1995
1995
1977
1977
1977
1977
1977
1989
1989
1989
1989
1989
1979
1979
1979
1979
1979
1979
1966
1966
1966
1966
1966
1941
1941
1941
1941
1941
1938
1938
1938
1938
1938
1938
1926
1926
1926
1926
1926
1923
1923
1923
1923
1923
1914
1914
1914
1914
1914
1914
1906
1906
1906
1906
1906
1886
1886
1886
1886
1886
1885
1885
1885
1885
1885
1885
1886
1886
1886
1886
1886
1848
1848
1848
1848
1848
1835
1835
1835
1835
1835
1835
1836
1836
1836
1836
1836
1826
1826
1826
1826
1826
1802
1802
1802
1802
1802
1802
1804
1804
1804
1804
1804
1789
1789
1789
1789
1789
1777
1777
1777
1777
1777
1777
1767
1767
1767
1767
1767
1758
1758
1758
1758
1758
1755
1755
1755
1755
1755
1755
1734
1734
1734
1734
1734
1763
1763
1763
1763
1763
1771
1771
1771
1771
1771
1771
1770
1770
1770
1770
1770
1797
1797
1797
1797
1797
1810
1810
1810
1810
1810
1810
1815
1815
1815
1815
1815
1811
1811
1811
1811
1811
1790
1790
1790
1790
1790
1790
1760
1760
1760
1760
1760
1706
1706
1706
1706
1706
1664
1664
1664
1664
1664
1664
1598
1598
1598
1598
1598
1549
1549
1549
1549
1549
1495
1495
1495
1495
1495
1495
1469
1469
1469
1469
1469
1484
1484
1484
1484
1484
1486
1486
1486
1486
1486
1486
1516
1516
1516
1516
1516
1545
1545
1545
1545
1545
1607
1607
1607
1607
1607
1607
1639
1639
1639
1639
1639
1671
1671
1671
1671
1671
1695
1695
1695
1695
1695
1695
1724
1724
1724
1724
1724
1738
1738
1738
1738
1738
1739
1739
1739
1739
1739
1739
1720
1720
1720
1720
1720
1721
1721
1721
1721
1721
1716
1716
1716
1716
1716
1716
1727
1727
1727
1727
1727
1772
1772
1772
1772
1772
1839
1839
1839
1839
1839
1839
1937
1937
1937
1937
1937
2039
2039
2039
2039
2039
2142
2142
2142
2142
2142
2142
2229
2229
2229
2229
2229
2313
2313
2313
2313
2313
2341
2341
2341
2341
2341
2341
2379
2379
2379
2379
2379
2386
2386
2386
2386
2386
2368
2368
2368
2368
2368
2368
2352
2352
2352
2352
2352
2316
2316
2316
2316
2316
2268
2268
2268
2268
2268
2268
2243
2243
2243
2243
2243
2217
2217
2217
2217
2217
2222
2222
2222
2222
2222
2222
2232
2232
2232
2232
2232
2265
2265
2265
2265
2265
2309
2309
2309
2309
2309
2309
2332
2332
2332
2332
2332
2362
2362
2362
2362
2362
2371
2371
2371
2371
2371
2371
2355
2355
2355
2355
2355
2316
2316
2316
2316
2316
2281
2281
2281
2281
2281
2281
2240
2240
2240
2240
2240
2242
2242
2242
2242
2242
2229
2229
2229
2229
2229
2229
2259
2259
2259
2259
2259
2302
2302
2302
2302
2302
2380
2380
2380
2380
2380
2380
2486
2486
2486
2486
2486
2593
2593
2593
2593
2593
2712
2712
2712
2712
2712
2712
2839
2839
2839
2839
2839
2940
2940
2940
2940
2940
3026
3026
3026
3026
3026
3026
3071
3071
3071
3071
3071
3116
3116
3116
3116
3116
3109
3109
3109
3109
3109
3109
3095
3095
3095
3095
3095
3077
3077
3077
3077
3077
3062
3062
3062
3062
3062
3062
3032
3032
3032
3032
3032
3028
3028
3028
3028
3028
3018
3018
3018
3018
3018
3018
3039
3039
3039
3039
3039
3067
3067
3067
3067
3067
3081
3081
3081
3081
3081
3081
3109
3109
3109
3109
3109
3097
3097
3097
3097
3097
3086
3086
3086
3086
3086
3086
3027
3027
3027
3027
3027
2941
2941
2941
2941
2941
2831
2831
2831
2831
2831
2831
2675
2675
2675
2675
2675
2513
2513
2513
2513
2513
2318
2318
2318
2318
2318
2318
2137
2137
2137
2137
2137
1989
1989
1989
1989
1989
1835
1835
1835
1835
1835
1835
1710
1710
1710
1710
1710
1609
1609
1609
1609
1609
1547
1547
1547
1547
1547
1547
1485
1485
1485
1485
1485
1449
1449
1449
1449
1449
1396
1396
1396
1396
1396
1396
1350
1350
1350
1350
1350
1299
1299
1299
1299
1299
1254
1254
1254
1254
1254
1254
1179
1179
1179
1179
1179
1135
1135
1135
1135
1135
1089
1089
1089
1089
1089
1089
1049
1049
1049
1049
1049
1024
1024
1024
1024
1024
1014
1014
1014
1014
1014
1014
1003
1003
1003
1003
1003
995
995
995
995
995
991
991
991
991
991
991
980
980
980
980
980
985
985
985
985
985
992
992
992
992
992
992
994
994
994
994
994
987
987
987
987
987
988
988
988
988
988
988
993
993
993
993
993
1004
1004
1004
1004
1004
1008
1008
1008
1008
1008
1008
1040
1040
1040
1040
1040
1066
1066
1066
1066
1066
1099
1099
1099
1099
1099
1099
1153
1153
1153
1153
1153
1225
1225
1225
1225
1225
1345
1345
1345
1345
1345
1345
1477
1477
1477
1477
1477
1622
1622
1622
1622
1622
1805
1805
1805
1805
1805
1805
2012
2012
2012
2012
2012
2239
2239
2239
2239
2239
2475
2475
2475
2475
2475
2475
2710
2710
2710
2710
2710
2978
2978
2978
2978
2978
3255
3255
3255
3255
3255
3255
3534
3534
3534
3534
3534
3819
3819
3819
3819
3819
4094
4094
4094
4094
4094
4094
4095
4095
4095
4095
4095
4095
4095
4095
4095
4095
4095
4095
4095
4095
4095
4095
4095
4095
4095
4095
4095
4095
4095
4095
4095
4095
4095
4095
4095
4095
4095
4095
4095
4095
4095
4095
4095
4095
4095
4095
4095
4095
4095
4095
4095
4095
4095
4095
4095
4095
4095
4095
4095
4095
4095
4095
4095
4095
4095
4095
4095
4095
4095
4095
4095
4095
4095
4095
4095
4095
4095
4095
4095
4095
3772
3772
3772
3772
3772
3772
3399
3399
3399
3399
3399
3012
3012
3012
3012
3012
2646
2646
2646
2646
2646
2646
2274
2274
2274
2274
2274
1937
1937
1937
1937
1937
1641
1641
1641
1641
1641
1641
1398
1398
1398
1398
1398
1214
1214
1214
1214
1214
1083
1083
1083
1083
1083
1083
1001
1001
1001
1001
1001
962
962
962
962
962
922
922
922
922
922
922
889
889
889
889
889
874
874
874
874
874
858
858
858
858
858
858
854
854
854
854
854
846
846
846
846
846
849
849
849
849
849
849
851
851
851
851
851
855
855
855
855
855
868
868
868
868
868
868
877
877
877
877
877
905
905
905
905
905
950
950
950
950
950
950
998
998
998
998
998
1081
1081
1081
1081
1081
1210
1210
1210
1210
1210
1210
1420
1420
1420
1420
1420
1655
1655
1655
1655
1655
1921
1921
1921
1921
1921
1921
2201
2201
2201
2201
2201
2515
2515
2515
2515
2515
2784
2784
2784
2784
2784
2784
3073
3073
3073
3073
3073
3324
3324
3324
3324
3324
3603
3603
3603
3603
3603
3603
3789
3789
3789
3789
3789
3987
3987
3987
3987
3987
4095
4095
4095
4095
4095
4095
4095
4095
4095
4095
4095
4095
4095
4095
4095
4095
4095
4095
4095
4095
4095
4095
4095
4095
4095
4095
4095
4095
4095
4095
4095
4095
3966
3966
3966
3966
3966
3966
3784
3784
3784
3784
3784
3572
3572
3572
3572
3572
3378
3378
3378
3378
3378
3378
3148
3148
3148
3148
3148
2939
2939
2939
2939
2939
2692
2692
2692
2692
2692
2692
2488
2488
2488
2488
2488
2276
2276
2276
2276
2276
2095
2095
2095
2095
2095
2095
1893
1893
1893
1893
1893
1722
1722
1722
1722
1722
1563
1563
1563
1563
1563
1563
1462
1462
1462
1462
1462
1356
1356
1356
1356
1356
1264
1264
1264
1264
1264
1264
1186
1186
1186
1186
1186
1137
1137
1137
1137
1137
1090
1090
1090
1090
1090
1090
1055
1055
1055
1055
1055
1033
1033
1033
1033
1033
1033
1033
1033
1033
1033
1033
1020
1020
1020
1020
1020
1026
1026
1026
1026
1026
1040
1040
1040
1040
1040
1040
1069
1069
1069
1069
1069
1109
1109
1109
1109
1109
1149
1149
1149
1149
1149
1149
1226
1226
1226
1226
1226
1292
1292
1292
1292
1292
1411
1411
1411
1411
1411
1411
1517
1517
1517
1517
1517
1636
1636
1636
1636
1636
1757
1757
1757
1757
1757
1757
1879
1879
1879
1879
1879
1997
1997
1997
1997
1997
2113
2113
2113
2113
2113
2113
2178
2178
2178
2178
2178
2261
2261
2261
2261
2261
2350
2350
2350
2350
2350
2350
2395
2395
2395
2395
2395
2430
2430
2430
2430
2430
2439
2439
2439
2439
2439
2439
2426
2426
2426
2426
2426
2397
2397
2397
2397
2397
2358
2358
2358
2358
2358
2358
2274
2274
2274
2274
2274
2210
2210
2210
2210
2210
2108
2108
2108
2108
2108
2108
1991
1991
1991
1991
1991
1895
1895
1895
1895
1895
1778
1778
1778
1778
1778
1778
1699
1699
1699
1699
1699
1586
1586
1586
1586
1586
1510
1510
1510
1510
1510
1510
1454
1454
1454
1454
1454
1409
1409
1409
1409
1409
1389
1389
1389
1389
1389
1389
1373
1373
1373
1373
1373
1368
1368
1368
1368
1368
1366
1366
1366
1366
1366
1366
1385
1385
1385
1385
1385
1400
1400
1400
1400
1400
1444
1444
1444
1444
1444
1444
1489
1489
1489
1489
1489
1510
1510
1510
1510
1510
1579
1579
1579
1579
1579
1579
1650
1650
1650
1650
1650
1737
1737
1737
1737
1737
1832
1832
1832
1832
1832
1832
1949
1949
1949
1949
1949
2101
2101
2101
2101
2101
2268
2268
2268
2268
2268
2268
2435
2435
2435
2435
2435
2580
2580
2580
2580
2580
2728
2728
2728
2728
2728
2728
2872
2872
2872
2872
2872
2987
2987
2987
2987
2987
3093
3093
3093
3093
3093
3093
3117
3117
3117
3117
3117
3160
3160
3160
3160
3160
3155
3155
3155
3155
3155
3155
3126
3126
3126
3126
3126
3042
3042
3042
3042
3042
2943
2943
2943
2943
2943
2943
2838
2838
2838
2838
2838
2709
2709
2709
2709
2709
2565
2565
2565
2565
2565
2565
2435
2435
2435
2435
2435
2320
2320
2320
2320
2320
2202
2202
2202
2202
2202
2202
2071
2071
2071
2071
2071
1949
1949
1949
1949
1949
1850
1850
1850
1850
1850
1850
1723
1723
1723
1723
1723
1627
1627
1627
1627
1627
1526
1526
1526
1526
1526
1526
1448
1448
1448
1448
1448
1378
1378
1378
1378
1378
1319
1319
1319
1319
1319
1319
1274
1274
1274
1274
1274
1254
1254
1254
1254
1254
1238
1238
1238
1238
1238
1238
1230
1230
1230
1230
1230
1253
1253
1253
1253
1253
1288
1288
1288
1288
1288
1288
1352
1352
1352
1352
1352
1408
1408
1408
1408
1408
1477
1477
1477
1477
1477
1477
1581
1581
1581
1581
1581
1672
1672
1672
1672
1672
1782
1782
1782
1782
1782
1782
1873
1873
1873
1873
1873
1985
1985
1985
1985
1985
2079
2079
2079
2079
2079
2079
2173
2173
2173
2173
2173
2231
2231
2231
2231
2231
2317
2317
2317
2317
2317
2317
2376
2376
2376
2376
2376
2421
2421
2421
2421
2421
2458
2458
2458
2458
2458
2458
2480
2480
2480
2480
2480
2494
2494
2494
2494
2494
2495
2495
2495
2495
2495
2495
2491
2491
2491
2491
2491
2449
2449
2449
2449
2449
2421
2421
2421
2421
2421
2421
2371
2371
2371
2371
2371
2307
2307
2307
2307
2307
2259
2259
2259
2259
2259
2259
2200
2200
2200
2200
2200
2143
2143
2143
2143
2143
2101
2101
2101
2101
2101
2101
2050
2050
2050
2050
2050
2018
2018
2018
2018
2018
1993
1993
1993
1993
1993
1993
1970
1970
1970
1970
1970
1949
1949
1949
1949
1949
1952
1952
1952
1952
1952
1952
1944
1944
1944
1944
1944
1948
1948
1948
1948
1948
1955
1955
1955
1955
1955
1955
1977
1977
1977
1977
1977
1992
1992
1992
1992
1992
2018
2018
2018
2018
2018
2018
2030
2030
2030
2030
2030
2058
2058
2058
2058
2058
2082
2082
2082
2082
2082
2082
2108
2108
2108
2108
2108
2126
2126
2126
2126
2126
2151
2151
2151
2151
2151
2151
2170
2170
2170
2170
2170
2174
2174
2174
2174
2174
2183
2183
2183
2183
2183
2183
2187
2187
2187
2187
2187
2178
2178
2178
2178
2178
2173
2173
2173
2173
2173
2173
2138
2138
2138
2138
2138
2099
2099
2099
2099
2099
2035
2035
2035
2035
2035
2035
2003
2003
2003
2003
2003
1940
1940
1940
1940
1940
1883
1883
1883
1883
1883
1883
1820
1820
1820
1820
1820
1767
1767
1767
1767
1767
1722
1722
1722
1722
1722
1722
1676
1676
1676
1676
1676
1641
1641
1641
1641
1641
1598
1598
1598
1598
1598
1598
1576
1576
1576
1576
1576
1571
1571
1571
1571
1571
1563
1563
1563
1563
1563
1563
1566
1566
1566
1566
1566
1577
1577
1577
1577
1577
1610
1610
1610
1610
1610
1610
1650
1650
1650
1650
1650
1698
1698
1698
1698
1698
1732
1732
1732
1732
1732
1732
1783
1783
1783
1783
1783
1842
1842
1842
1842
1842
1899
1899
1899
1899
1899
1899
1963
1963
1963
1963
1963
2030
2030
2030
2030
2030
2094
2094
2094
2094
2094
2094
2149
2149
2149
2149
2149
2205
2205
2205
2205
2205
2265
2265
2265
2265
2265
2265
2309
2309
2309
2309
2309
2348
2348
2348
2348
2348
2361
2361
2361
2361
2361
2361
2383
2383
2383
2383
2383
2372
2372
2372
2372
2372
2370
2370
2370
2370
2370
2370
2338
2338
2338
2338
2338
2301
2301
2301
2301
2301
2268
2268
2268
2268
2268
2268
2216
2216
2216
2216
2216
2168
2168
2168
2168
2168
2116
2116
2116
2116
2116
2116
2069
2069
2069
2069
2069
2025
2025
2025
2025
2025
1974
1974
1974
1974
1974
1974
1943
1943
1943
1943
1943
1912
1912
1912
1912
1912
1879
1879
1879
1879
1879
1879
1845
1845
1845
1845
1845
1824
1824
1824
1824
1824
1818
1818
1818
1818
1818
1818
1801
1801
1801
1801
1801
1811
1811
1811
1811
1811
1811
1811
1811
1811
1811
1811
1839
1839
1839
1839
1839
1865
1865
1865
1865
1865
1891
1891
1891
1891
1891
1891
1918
1918
1918
1918
1918
1952
1952
1952
1952
1952
1977
1977
1977
1977
1977
1977
2016
2016
2016
2016
2016
2043
2043
2043
2043
2043
2078
2078
2078
2078
2078
2078
2099
2099
2099
2099
2099
2106
2106
2106
2106
2106
2138
2138
2138
2138
2138
2138
2149
2149
2149
2149
2149
2144
2144
2144
2144
2144
2136
2136
2136
2136
2136
2136
2122
2122
2122
2122
2122
2108
2108
2108
2108
2108
2080
2080
2080
2080
2080
2080
2053
2053
2053
2053
2053
2014
2014
2014
2014
2014
1978
1978
1978
1978
1978
1978
1937
1937
1937
1937
1937
1890
1890
1890
1890
1890
1849
1849
1849
1849
1849
1849
1807
1807
1807
1807
1807
1772
1772
1772
1772
1772
1725
1725
1725
1725
1725
1725
1701
1701
1701
1701
1701
1688
1688
1688
1688
1688
1662
1662
1662
1662
1662
1662
1660
1660
1660
1660
1660
1650
1650
1650
1650
1650
1659
1659
1659
1659
1659
1659
1675
1675
1675
1675
1675
1707
1707
1707
1707
1707
1729
1729
1729
1729
1729
1729
1780
1780
1780
1780
1780
1812
1812
1812
1812
1812
1879
1879
1879
1879
1879
1879
1917
1917
1917
1917
1917
1971
1971
1971
1971
1971
2016
2016
2016
2016
2016
2016
2088
2088
2088
2088
2088
2120
2120
2120
2120
2120
2163
2163
2163
2163
2163
2163
2189
2189
2189
2189
2189
2230
2230
2230
2230
2230
2259
2259
2259
2259
2259
2259
2274
2274
2274
2274
2274
2289
2289
2289
2289
2289
2300
2300
2300
2300
2300
2300
2308
2308
2308
2308
2308
2305
2305
2305
2305
2305
2288
2288
2288
2288
2288
2288
2263
2263
2263
2263
2263
2250
2250
2250
2250
2250
2213
2213
2213
2213
2213
2213
2175
2175
2175
2175
2175
2127
2127
2127
2127
2127
2089
2089
2089
2089
2089
2089
2040
2040
2040
2040
2040
1992
1992
1992
1992
1992
1938
1938
1938
1938
1938
1938
1896
1896
1896
1896
1896
1861
1861
1861
1861
1861
1841
1841
1841
1841
1841
1841
1799
1799
1799
1799
1799
1789
1789
1789
1789
1789
1780
1780
1780
1780
1780
1780
1766
1766
1766
1766
1766
1766
1766
1766
1766
1766
1768
1768
1768
1768
1768
1768
1761
1761
1761
1761
1761
1798
1798
1798
1798
1798
1799
1799
1799
1799
1799
1799
1824
1824
1824
1824
1824
1838
1838
1838
1838
1838
1876
1876
1876
1876
1876
1876
1896
1896
1896
1896
1896
1921
1921
1921
1921
1921
1944
1944
1944
1944
1944
1944
1989
1989
1989
1989
1989
2017
2017
2017
2017
2017
2040
2040
2040
2040
2040
2040
2066
2066
2066
2066
2066
2093
2093
2093
2093
2093
2109
2109
2109
2109
2109
2109
2108
2108
2108
2108
2108
2083
2083
2083
2083
2083
2084
2084
2084
2084
2084
2084
2082
2082
2082
2082
2082
2076
2076
2076
2076
2076
2059
2059
2059
2059
2059
2059
2040
2040
2040
2040
2040
2024
2024
2024
2024
2024
1993
1993
1993
1993
1993
1993
1996
1996
1996
1996
1996
1956
1956
1956
1956
1956
1949
1949
1949
1949
1949
1949
1924
1924
1924
1924
1924
1916
1916
1916
1916
1916
1896
1896
1896
1896
1896
1896
1889
1889
1889
1889
1889
1895
1895
1895
1895
1895
1879
1879
1879
1879
1879
1879
1889
1889
1889
1889
1889
1886
1886
1886
1886
1886
1890
1890
1890
1890
1890
1890
1896
1896
1896
1896
1896
1912
1912
1912
1912
1912
1920
1920
1920
1920
1920
1920
1926
1926
1926
1926
1926
1946
1946
1946
1946
1946
1958
1958
1958
1958
1958
1958
1977
1977
1977
1977
1977
2010
2010
2010
2010
2010
1999
1999
1999
1999
1999
1999
2028
2028
2028
2028
2028
2027
2027
2027
2027
2027
2054
2054
2054
2054
2054
2054
2046
2046
2046
2046
2046
2059
2059
2059
2059
2059
2041
2041
2041
2041
2041
2041
2069
2069
2069
2069
2069
2054
2054
2054
2054
2054
2062
2062
2062
2062
2062
2062
2053
2053
2053
2053
2053
2051
2051
2051
2051
2051
2049
2049
2049
2049
2049
2049
2053
2053
2053
2053
2053
2042
2042
2042
2042
2042
2040
2040
2040
2040
2040
2040
2041
2041
2041
2041
2041
2048
2048
2048
2048
2048
2049
2049
2049
2049
2049
2049
2053
2053
2053
2053
2053
2075
2075
2075
2075
2075
2061
2061
2061
2061
2061
2061
2083
2083
2083
2083
2083
2079
2079
2079
2079
2079
2082
2082
2082
2082
2082
2082
2090
2090
2090
2090
2090
2084
2084
2084
2084
2084
2089
2089
2089
2089
2089
2089
2088
2088
2088
2088
2088
2097
2097
2097
2097
2097
2091
2091
2091
2091
2091
2091
2078
2078
2078
2078
2078
2052
2052
2052
2052
2052
2059
2059
2059
2059
2059
2059
2070
2070
2070
2070
2070
2053
2053
2053
2053
2053
2054
2054
2054
2054
2054
2054
2040
2040
2040
2040
2040
2020
2020
2020
2020
2020
2004
2004
2004
2004
2004
2004
1975
1975
1975
1975
1975
1963
1963
1963
1963
1963
1952
1952
1952
1952
1952
1952
1916
1916
1916
1916
1916
1910
1910
1910
1910
1910
1890
1890
1890
1890
1890
1890
1859
1859
1859
1859
1859
1845
1845
1845
1845
1845
1829
1829
1829
1829
1829
1829
1813
1813
1813
1813
1813
1811
1811
1811
1811
1811
1801
1801
1801
1801
1801
1801
1789
1789
1789
1789
1789
1799
1799
1799
1799
1799
1800
1800
1800
1800
1800
1800
1802
1802
1802
1802
1802
1806
1806
1806
1806
1806
1824
1824
1824
1824
1824
1824
1845
1845
1845
1845
1845
1856
1856
1856
1856
1856
1889
1889
1889
1889
1889
1889
1907
1907
1907
1907
1907
1928
1928
1928
1928
1928
1963
1963
1963
1963
1963
1963
1974
1974
1974
1974
1974
1994
1994
1994
1994
1994
2023
2023
2023
2023
2023
2023
2035
2035
2035
2035
2035
2065
2065
2065
2065
2065
2086
2086
2086
2086
2086
2086
2092
2092
2092
2092
2092
2113
2113
2113
2113
2113
2125
2125
2125
2125
2125
2125
2122
2122
2122
2122
2122
2163
2163
2163
2163
2163
2130
2130
2130
2130
2130
2130
2143
2143
2143
2143
2143
2132
2132
2132
2132
2132
2132
2132
2132
2132
2132
2132
2135
2135
2135
2135
2135
2109
2109
2109
2109
2109
2094
2094
2094
2094
2094
2094
2091
2091
2091
2091
2091
2073
2073
2073
2073
2073
2054
2054
2054
2054
2054
2054
2034
2034
2034
2034
2034
2006
2006
2006
2006
2006
1979
1979
1979
1979
1979
1979
1972
1972
1972
1972
1972
1938
1938
1938
1938
1938
1920
1920
1920
1920
1920
1920
1902
1902
1902
1902
1902
1890
1890
1890
1890
1890
1865
1865
1865
1865
1865
1865
1857
1857
1857
1857
1857
1845
1845
1845
1845
1845
1864
1864
1864
1864
1864
1864
1845
1845
1845
1845
1845
1852
1852
1852
1852
1852
1857
1857
1857
1857
1857
1857
1873
1873
1873
1873
1873
1873
1873
1873
1873
1873
1873
1873
1873
1873
1873
1873
1889
1889
1889
1889
1889
1914
1914
1914
1914
1914
1921
1921
1921
1921
1921
1921
1926
1926
1926
1926
1926
1921
1921
1921
1921
1921
1951
1951
1951
1951
1951
1951
1971
1971
1971
1971
1971
1979
1979
1979
1979
1979
1996
1996
1996
1996
1996
1996
2033
2033
2033
2033
2033
2033
2033
2033
2033
2033
2058
2058
2058
2058
2058
2058
2089
2089
2089
2089
2089
2104
2104
2104
2104
2104
2124
2124
2124
2124
2124
2124
2147
2147
2147
2147
2147
2148
2148
2148
2148
2148
2162
2162
2162
2162
2162
2162
2170
2170
2170
2170
2170
2155
2155
2155
2155
2155
2153
2153
2153
2153
2153
2153
2139
2139
2139
2139
2139
2139
2139
2139
2139
2139
2140
2140
2140
2140
2140
2140
2142
2142
2142
2142
2142
2143
2143
2143
2143
2143
2148
2148
2148
2148
2148
2148
2136
2136
2136
2136
2136
2136
2136
2136
2136
2136
2142
2142
2142
2142
2142
2142
2124
2124
2124
2124
2124
2131
2131
2131
2131
2131
2116
2116
2116
2116
2116
2116
2096
2096
2096
2096
2096
2088
2088
2088
2088
2088
2074
2074
2074
2074
2074
2074
2064
2064
2064
2064
2064
2067
2067
2067
2067
2067
2054
2054
2054
2054
2054
2054
2058
2058
2058
2058
2058
2069
2069
2069
2069
2069
2078
2078
2078
2078
2078
2078
2073
2073
2073
2073
2073
2073
2073
2073
2073
2073
2086
2086
2086
2086
2086
2086
2072
2072
2072
2072
2072
2082
2082
2082
2082
2082
2079
2079
2079
2079
2079
2079
2075
2075
2075
2075
2075
2095
2095
2095
2095
2095
2080
2080
2080
2080
2080
2080
2081
2081
2081
2081
2081
2083
2083
2083
2083
2083
2070
2070
2070
2070
2070
2070
2087
2087
2087
2087
2087
2071
2071
2071
2071
2071
2092
2092
2092
2092
2092
2092
2075
2075
2075
2075
2075
2072
2072
2072
2072
2072
2074
2074
2074
2074
2074
2074
2051
2051
2051
2051
2051
2048
2048
2048
2048
2048
2029
2029
2029
2029
2029
2029
1989
1989
1989
1989
1989
1970
1970
1970
1970
1970
1950
1950
1950
1950
1950
1950
1932
1932
1932
1932
1932
1919
1919
1919
1919
1919
1894
1894
1894
1894
1894
1894
1882
1882
1882
1882
1882
1875
1875
1875
1875
1875
1860
1860
1860
1860
1860
1860
1854
1854
1854
1854
1854
1856
1856
1856
1856
1856
1849
1849
1849
1849
1849
1849
1843
1843
1843
1843
1843
1828
1828
1828
1828
1828
1823
1823
1823
1823
1823
1823
1816
1816
1816
1816
1816
1800
1800
1800
1800
1800
1805
1805
1805
1805
1805
1805
1809
1809
1809
1809
1809
1797
1797
1797
1797
1797
1780
1780
1780
1780
1780
1780
1790
1790
1790
1790
1790
1807
1807
1807
1807
1807
1799
1799
1799
1799
1799
1799
1828
1828
1828
1828
1828
1834
1834
1834
1834
1834
1834
1834
1834
1834
1834
1834
1851
1851
1851
1851
1851
1856
1856
1856
1856
1856
1853
1853
1853
1853
1853
1853
1876
1876
1876
1876
1876
1866
1866
1866
1866
1866
1867
1867
1867
1867
1867
1867
1858
1858
1858
1858
1858
1860
1860
1860
1860
1860
1847
1847
1847
1847
1847
1847
1850
1850
1850
1850
1850
1833
1833
1833
1833
1833
1842
1842
1842
1842
1842
1842
1836
1836
1836
1836
1836
1835
1835
1835
1835
1835
1842
1842
1842
1842
1842
1842
1832