2169
2169
2169
2169
2169
2169
2185
2185
2185
2185
2185
2168
2168
2168
2168
2168
2171
2171
2171
2171
2171
2171
2167
2167
2167
2167
2167
2185
2185
2185
2185
2185
2168
2168
2168
2168
2168
2168
2174
2174
2174
2174
2174
2143
2143
2143
2143
2143
2170
2170
2170
2170
2170
2170
2172
2172
2172
2172
2172
2165
2165
2165
2165
2165
2175
2175
2175
2175
2175
2175
2155
2155
2155
2155
2155
2168
2168
2168
2168
2168
2200
2200
2200
2200
2200
2200
2178
2178
2178
2178
2178
2197
2197
2197
2197
2197
2186
2186
2186
2186
2186
2186
2158
2158
2158
2158
2158
2195
2195
2195
2195
2195
2163
2163
2163
2163
2163
2163
2158
2158
2158
2158
2158
2171
2171
2171
2171
2171
2160
2160
2160
2160
2160
2160
2160
2160
2160
2160
2160
2174
2174
2174
2174
2174
2175
2175
2175
2175
2175
2175
2171
2171
2171
2171
2171
2174
2174
2174
2174
2174
2166
2166
2166
2166
2166
2166
2164
2164
2164
2164
2164
2185
2185
2185
2185
2185
2177
2177
2177
2177
2177
2177
2156
2156
2156
2156
2156
2186
2186
2186
2186
2186
2172
2172
2172
2172
2172
2172
2181
2181
2181
2181
2181
2183
2183
2183
2183
2183
2140
2140
2140
2140
2140
2140
2175
2175
2175
2175
2175
2141
2141
2141
2141
2141
2120
2120
2120
2120
2120
2120
2154
2154
2154
2154
2154
2151
2151
2151
2151
2151
2153
2153
2153
2153
2153
2153
2170
2170
2170
2170
2170
2160
2160
2160
2160
2160
2212
2212
2212
2212
2212
2212
2182
2182
2182
2182
2182
2141
2141
2141
2141
2141
2166
2166
2166
2166
2166
2166
2182
2182
2182
2182
2182
2174
2174
2174
2174
2174
2183
2183
2183
2183
2183
2183
2184
2184
2184
2184
2184
2159
2159
2159
2159
2159
2155
2155
2155
2155
2155
2155
2181
2181
2181
2181
2181
2142
2142
2142
2142
2142
2168
2168
2168
2168
2168
2168
2174
2174
2174
2174
2174
2187
2187
2187
2187
2187
2146
2146
2146
2146
2146
2146
2177
2177
2177
2177
2177
2174
2174
2174
2174
2174
2190
2190
2190
2190
2190
2190
2166
2166
2166
2166
2166
2176
2176
2176
2176
2176
2153
2153
2153
2153
2153
2153
2163
2163
2163
2163
2163
2165
2165
2165
2165
2165
2133
2133
2133
2133
2133
2133
2149
2149
2149
2149
2149
2184
2184
2184
2184
2184
2202
2202
2202
2202
2202
2202
2172
2172
2172
2172
2172
2180
2180
2180
2180
2180
2158
2158
2158
2158
2158
2158
2175
2175
2175
2175
2175
2153
2153
2153
2153
2153
2134
2134
2134
2134
2134
2134
2162
2162
2162
2162
2162
2188
2188
2188
2188
2188
2156
2156
2156
2156
2156
2156
2126
2126
2126
2126
2126
2152
2152
2152
2152
2152
2139
2139
2139
2139
2139
2139
2195
2195
2195
2195
2195
2173
2173
2173
2173
2173
2161
2161
2161
2161
2161
2161
2209
2209
2209
2209
2209
2199
2199
2199
2199
2199
2207
2207
2207
2207
2207
2207
2197
2197
2197
2197
2197
2143
2143
2143
2143
2143
2191
2191
2191
2191
2191
2191
2144
2144
2144
2144
2144
2164
2164
2164
2164
2164
2177
2177
2177
2177
2177
2177
2180
2180
2180
2180
2180
2178
2178
2178
2178
2178
2168
2168
2168
2168
2168
2168
2182
2182
2182
2182
2182
2172
2172
2172
2172
2172
2171
2171
2171
2171
2171
2171
2170
2170
2170
2170
2170
2161
2161
2161
2161
2161
2170
2170
2170
2170
2170
2170
2151
2151
2151
2151
2151
2138
2138
2138
2138
2138
2163
2163
2163
2163
2163
2163
2177
2177
2177
2177
2177
2163
2163
2163
2163
2163
2166
2166
2166
2166
2166
2166
2156
2156
2156
2156
2156
2177
2177
2177
2177
2177
2190
2190
2190
2190
2190
2190
2140
2140
2140
2140
2140
2166
2166
2166
2166
2166
2179
2179
2179
2179
2179
2179
2142
2142
2142
2142
2142
2178
2178
2178
2178
2178
2169
2169
2169
2169
2169
2169
2180
2180
2180
2180
2180
2194
2194
2194
2194
2194
2174
2174
2174
2174
2174
2174
2161
2161
2161
2161
2161
2176
2176
2176
2176
2176
2190
2190
2190
2190
2190
2190
2136
2136
2136
2136
2136
2190
2190
2190
2190
2190
2163
2163
2163
2163
2163
2163
2165
2165
2165
2165
2165
2152
2152
2152
2152
2152
2153
2153
2153
2153
2153
2153
2189
2189
2189
2189
2189
2147
2147
2147
2147
2147
2184
2184
2184
2184
2184
2184
2153
2153
2153
2153
2153
2175
2175
2175
2175
2175
2164
2164
2164
2164
2164
2164
2173
2173
2173
2173
2173
2197
2197
2197
2197
2197
2153
2153
2153
2153
2153
2153
2152
2152
2152
2152
2152
2138
2138
2138
2138
2138
2148
2148
2148
2148
2148
2148
2196
2196
2196
2196
2196
2183
2183
2183
2183
2183
2165
2165
2165
2165
2165
2165
2192
2192
2192
2192
2192
2215
2215
2215
2215
2215
2157
2157
2157
2157
2157
2157
2157
2157
2157
2157
2157
2162
2162
2162
2162
2162
2147
2147
2147
2147
2147
2147
2128
2128
2128
2128
2128
2205
2205
2205
2205
2205
2153
2153
2153
2153
2153
2153
2189
2189
2189
2189
2189
2235
2235
2235
2235
2235
2158
2158
2158
2158
2158
2158
2178
2178
2178
2178
2178
2155
2155
2155
2155
2155
2157
2157
2157
2157
2157
2157
2176
2176
2176
2176
2176
2171
2171
2171
2171
2171
2176
2176
2176
2176
2176
2176
2203
2203
2203
2203
2203
2171
2171
2171
2171
2171
2165
2165
2165
2165
2165
2165
2145
2145
2145
2145
2145
2167
2167
2167
2167
2167
2164
2164
2164
2164
2164
2164
2169
2169
2169
2169
2169
2174
2174
2174
2174
2174
2202
2202
2202
2202
2202
2202
2152
2152
2152
2152
2152
2176
2176
2176
2176
2176
2199
2199
2199
2199
2199
2199
2148
2148
2148
2148
2148
2226
2226
2226
2226
2226
2156
2156
2156
2156
2156
2156
2177
2177
2177
2177
2177
2152
2152
2152
2152
2152
2141
2141
2141
2141
2141
2141
2190
2190
2190
2190
2190
2156
2156
2156
2156
2156
2169
2169
2169
2169
2169
2169
2190
2190
2190
2190
2190
2180
2180
2180
2180
2180
2159
2159
2159
2159
2159
2159
2168
2168
2168
2168
2168
2172
2172
2172
2172
2172
2147
2147
2147
2147
2147
2147
2182
2182
2182
2182
2182
2159
2159
2159
2159
2159
2177
2177
2177
2177
2177
2177
2165
2165
2165
2165
2165
2156
2156
2156
2156
2156
2180
2180
2180
2180
2180
2180
2163
2163
2163
2163
2163
2177
2177
2177
2177
2177
2175
2175
2175
2175
2175
2175
2181
2181
2181
2181
2181
2172
2172
2172
2172
2172
2177
2177
2177
2177
2177
2177
2204
2204
2204
2204
2204
2192
2192
2192
2192
2192
2180
2180
2180
2180
2180
2180
2170
2170
2170
2170
2170
2182
2182
2182
2182
2182
2168
2168
2168
2168
2168
2168
2200
2200
2200
2200
2200
2212
2212
2212
2212
2212
2190
2190
2190
2190
2190
2190
2159
2159
2159
2159
2159
2190
2190
2190
2190
2190
2197
2197
2197
2197
2197
2197
2171
2171
2171
2171
2171
2154
2154
2154
2154
2154
2156
2156
2156
2156
2156
2156
2193
2193
2193
2193
2193
2165
2165
2165
2165
2165
2194
2194
2194
2194
2194
2194
2139
2139
2139
2139
2139
2159
2159
2159
2159
2159
2183
2183
2183
2183
2183
2183
2206
2206
2206
2206
2206
2138
2138
2138
2138
2138
2167
2167
2167
2167
2167
2167
2154
2154
2154
2154
2154
2203
2203
2203
2203
2203
2186
2186
2186
2186
2186
2186
2187
2187
2187
2187
2187
2218
2218
2218
2218
2218
2142
2142
2142
2142
2142
2142
2176
2176
2176
2176
2176
2170
2170
2170
2170
2170
2149
2149
2149
2149
2149
2149
2169
2169
2169
2169
2169
2155
2155
2155
2155
2155
2172
2172
2172
2172
2172
2172
2176
2176
2176
2176
2176
2221
2221
2221
2221
2221
2201
2201
2201
2201
2201
2201
2186
2186
2186
2186
2186
2193
2193
2193
2193
2193
2171
2171
2171
2171
2171
2171
2174
2174
2174
2174
2174
2174
2174
2174
2174
2174
2169
2169
2169
2169
2169
2169
2191
2191
2191
2191
2191
2161
2161
2161
2161
2161
2169
2169
2169
2169
2169
2169
2179
2179
2179
2179
2179
2200
2200
2200
2200
2200
2211
2211
2211
2211
2211
2211
2134
2134
2134
2134
2134
2170
2170
2170
2170
2170
2219
2219
2219
2219
2219
2219
2187
2187
2187
2187
2187
2159
2159
2159
2159
2159
2191
2191
2191
2191
2191
2191
2183
2183
2183
2183
2183
2145
2145
2145
2145
2145
2189
2189
2189
2189
2189
2189
2129
2129
2129
2129
2129
2174
2174
2174
2174
2174
2158
2158
2158
2158
2158
2158
2148
2148
2148
2148
2148
2177
2177
2177
2177
2177
2176
2176
2176
2176
2176
2176
2189
2189
2189
2189
2189
2160
2160
2160
2160
2160
2198
2198
2198
2198
2198
2198
2203
2203
2203
2203
2203
2144
2144
2144
2144
2144
2135
2135
2135
2135
2135
2135
2162
2162
2162
2162
2162
2192
2192
2192
2192
2192
2187
2187
2187
2187
2187
2187
2170
2170
2170
2170
2170
2172
2172
2172
2172
2172
2167
2167
2167
2167
2167
2167
2161
2161
2161
2161
2161
2170
2170
2170
2170
2170
2192
2192
2192
2192
2192
2192
2182
2182
2182
2182
2182
2189
2189
2189
2189
2189
2212
2212
2212
2212
2212
2212
2152
2152
2152
2152
2152
2176
2176
2176
2176
2176
2163
2163
2163
2163
2163
2163
2188
2188
2188
2188
2188
2211
2211
2211
2211
2211
2180
2180
2180
2180
2180
2180
2161
2161
2161
2161
2161
2159
2159
2159
2159
2159
2158
2158
2158
2158
2158
2158
2185
2185
2185
2185
2185
2197
2197
2197
2197
2197
2161
2161
2161
2161
2161
2161
2165
2165
2165
2165
2165
2158
2158
2158
2158
2158
2178
2178
2178
2178
2178
2178
2194
2194
2194
2194
2194
2162
2162
2162
2162
2162
2160
2160
2160
2160
2160
2160
2175
2175
2175
2175
2175
2187
2187
2187
2187
2187
2154
2154
2154
2154
2154
2154
2195
2195
2195
2195
2195
2189
2189
2189
2189
2189
2180
2180
2180
2180
2180
2180
2196
2196
2196
2196
2196
2198
2198
2198
2198
2198
2173
2173
2173
2173
2173
2173
2150
2150
2150
2150
2150
2194
2194
2194
2194
2194
2188
2188
2188
2188
2188
2188
2185
2185
2185
2185
2185
2183
2183
2183
2183
2183
2186
2186
2186
2186
2186
2186
2174
2174
2174
2174
2174
2180
2180
2180
2180
2180
2170
2170
2170
2170
2170
2170
2169
2169
2169
2169
2169
2203
2203
2203
2203
2203
2147
2147
2147
2147
2147
2147
2210
2210
2210
2210
2210
2156
2156
2156
2156
2156
2151
2151
2151
2151
2151
2151
2151
2151
2151
2151
2151
2185
2185
2185
2185
2185
2183
2183
2183
2183
2183
2183
2203
2203
2203
2203
2203
2175
2175
2175
2175
2175
2171
2171
2171
2171
2171
2171
2176
2176
2176
2176
2176
2190
2190
2190
2190
2190
2188
2188
2188
2188
2188
2188
2146
2146
2146
2146
2146
2157
2157
2157
2157
2157
2177
2177
2177
2177
2177
2177
2165
2165
2165
2165
2165
2170
2170
2170
2170
2170
2175
2175
2175
2175
2175
2175
2176
2176
2176
2176
2176
2188
2188
2188
2188
2188
2192
2192
2192
2192
2192
2192
2181
2181
2181
2181
2181
2170
2170
2170
2170
2170
2183
2183
2183
2183
2183
2183
2148
2148
2148
2148
2148
2194
2194
2194
2194
2194
2182
2182
2182
2182
2182
2182
2189
2189
2189
2189
2189
2162
2162
2162
2162
2162
2205
2205
2205
2205
2205
2205
2178
2178
2178
2178
2178
2175
2175
2175
2175
2175
2169
2169
2169
2169
2169
2169
2178
2178
2178
2178
2178
2171
2171
2171
2171
2171
2162
2162
2162
2162
2162
2162
2188
2188
2188
2188
2188
2147
2147
2147
2147
2147
2167
2167
2167
2167
2167
2167
2159
2159
2159
2159
2159
2164
2164
2164
2164
2164
2192
2192
2192
2192
2192
2192
2192
2192
2192
2192
2192
2193
2193
2193
2193
2193
2163
2163
2163
2163
2163
2163
2163
2163
2163
2163
2163
2172
2172
2172
2172
2172
2196
2196
2196
2196
2196
2196
2198
2198
2198
2198
2198
2180
2180
2180
2180
2180
2169
2169
2169
2169
2169
2169
2177
2177
2177
2177
2177
2186
2186
2186
2186
2186
2202
2202
2202
2202
2202
2202
2196
2196
2196
2196
2196
2186
2186
2186
2186
2186
2197
2197
2197
2197
2197
2197
2174
2174
2174
2174
2174
2171
2171
2171
2171
2171
2181
2181
2181
2181
2181
2181
2187
2187
2187
2187
2187
2186
2186
2186
2186
2186
2183
2183
2183
2183
2183
2183
2191
2191
2191
2191
2191
2167
2167
2167
2167
2167
2179
2179
2179
2179
2179
2179
2186
2186
2186
2186
2186
2184
2184
2184
2184
2184
2182
2182
2182
2182
2182
2182
2170
2170
2170
2170
2170
2180
2180
2180
2180
2180
2166
2166
2166
2166
2166
2166
2170
2170
2170
2170
2170
2188
2188
2188
2188
2188
2192
2192
2192
2192
2192
2192
2193
2193
2193
2193
2193
2199
2199
2199
2199
2199
2174
2174
2174
2174
2174
2174
2177
2177
2177
2177
2177
2201
2201
2201
2201
2201
2172
2172
2172
2172
2172
2172
2185
2185
2185
2185
2185
2185
2185
2185
2185
2185
2162
2162
2162
2162
2162
2162
2208
2208
2208
2208
2208
2177
2177
2177
2177
2177
2170
2170
2170
2170
2170
2170
2206
2206
2206
2206
2206
2167
2167
2167
2167
2167
2171
2171
2171
2171
2171
2171
2209
2209
2209
2209
2209
2173
2173
2173
2173
2173
2174
2174
2174
2174
2174
2174
2190
2190
2190
2190
2190
2178
2178
2178
2178
2178
2176
2176
2176
2176
2176
2176
2198
2198
2198
2198
2198
2160
2160
2160
2160
2160
2164
2164
2164
2164
2164
2164
2164
2164
2164
2164
2164
2182
2182
2182
2182
2182
2173
2173
2173
2173
2173
2173
2169
2169
2169
2169
2169
2183
2183
2183
2183
2183
2183
2183
2183
2183
2183
2183
2182
2182
2182
2182
2182
2173
2173
2173
2173
2173
2198
2198
2198
2198
2198
2198
2184
2184
2184
2184
2184
2172
2172
2172
2172
2172
2189
2189
2189
2189
2189
2189
2164
2164
2164
2164
2164
2163
2163
2163
2163
2163
2170
2170
2170
2170
2170
2170
2174
2174
2174
2174
2174
2169
2169
2169
2169
2169
2193
2193
2193
2193
2193
2193
2190
2190
2190
2190
2190
2183
2183
2183
2183
2183
2196
2196
2196
2196
2196
2196
2180
2180
2180
2180
2180
2185
2185
2185
2185
2185
2182
2182
2182
2182
2182
2182
2182
2182
2182
2182
2182
2185
2185
2185
2185
2185
2198
2198
2198
2198
2198
2198
2193
2193
2193
2193
2193
2182
2182
2182
2182
2182
2158
2158
2158
2158
2158
2158
2182
2182
2182
2182
2182
2168
2168
2168
2168
2168
2167
2167
2167
2167
2167
2167
2163
2163
2163
2163
2163
2173
2173
2173
2173
2173
2159
2159
2159
2159
2159
2159
2178
2178
2178
2178
2178
2183
2183
2183
2183
2183
2161
2161
2161
2161
2161
2159
2159
2159
2159
2159
2159
2149
2149
2149
2149
2149
2148
2148
2148
2148
2148
2148
2163
2163
2163
2163
2163
2146
2146
2146
2146
2146
2144
2144
2144
2144
2144
2165
2165
2165
2165
2165
2165
2164
2164
2164
2164
2164
2201
2201
2201
2201
2201
2187
2187
2187
2187
2187
2187
2210
2210
2210
2210
2210
2177
2177
2177
2177
2177
2177
2210
2210
2210
2210
2210
2175
2175
2175
2175
2175
2182
2182
2182
2182
2182
2149
2149
2149
2149
2149
2149
2194
2194
2194
2194
2194
2170
2170
2170
2170
2170
2194
2194
2194
2194
2194
2194
2138
2138
2138
2138
2138
2221
2221
2221
2221
2221
2221
2189
2189
2189
2189
2189
2161
2161
2161
2161
2161
2230
2230
2230
2230
2230
2194
2194
2194
2194
2194
2194
2231
2231
2231
2231
2231
2174
2174
2174
2174
2174
2201
2201
2201
2201
2201
2201
2156
2156
2156
2156
2156
2159
2159
2159
2159
2159
2159
2162
2162
2162
2162
2162
2177
2177
2177
2177
2177
2133
2133
2133
2133
2133
2146
2146
2146
2146
2146
2146
2145
2145
2145
2145
2145
2165
2165
2165
2165
2165
2182
2182
2182
2182
2182
2182
2196
2196
2196
2196
2196
2176
2176
2176
2176
2176
2176
2174
2174
2174
2174
2174
2232
2232
2232
2232
2232
2177
2177
2177
2177
2177
2179
2179
2179
2179
2179
2179
2187
2187
2187
2187
2187
2154
2154
2154
2154
2154
2177
2177
2177
2177
2177
2177
2154
2154
2154
2154
2154
2156
2156
2156
2156
2156
2156
2174
2174
2174
2174
2174
2158
2158
2158
2158
2158
2124
2124
2124
2124
2124
2127
2127
2127
2127
2127
2127
2137
2137
2137
2137
2137
2165
2165
2165
2165
2165
2178
2178
2178
2178
2178
2178
2184
2184
2184
2184
2184
2208
2208
2208
2208
2208
2208
2188
2188
2188
2188
2188
2240
2240
2240
2240
2240
2227
2227
2227
2227
2227
2212
2212
2212
2212
2212
2212
2214
2214
2214
2214
2214
2174
2174
2174
2174
2174
2218
2218
2218
2218
2218
2218
2168
2168
2168
2168
2168
2181
2181
2181
2181
2181
2181
2175
2175
2175
2175
2175
2173
2173
2173
2173
2173
2161
2161
2161
2161
2161
2134
2134
2134
2134
2134
2134
2133
2133
2133
2133
2133
2114
2114
2114
2114
2114
2106
2106
2106
2106
2106
2106
2143
2143
2143
2143
2143
2145
2145
2145
2145
2145
2145
2209
2209
2209
2209
2209
2160
2160
2160
2160
2160
2203
2203
2203
2203
2203
2252
2252
2252
2252
2252
2252
2212
2212
2212
2212
2212
2268
2268
2268
2268
2268
2223
2223
2223
2223
2223
2223
2228
2228
2228
2228
2228
2216
2216
2216
2216
2216
2216
2241
2241
2241
2241
2241
2189
2189
2189
2189
2189
2238
2238
2238
2238
2238
2237
2237
2237
2237
2237
2237
2204
2204
2204
2204
2204
2260
2260
2260
2260
2260
2204
2204
2204
2204
2204
2204
2226
2226
2226
2226
2226
2201
2201
2201
2201
2201
2201
2181
2181
2181
2181
2181
2182
2182
2182
2182
2182
2130
2130
2130
2130
2130
2152
2152
2152
2152
2152
2152
2168
2168
2168
2168
2168
2143
2143
2143
2143
2143
2165
2165
2165
2165
2165
2165
2168
2168
2168
2168
2168
2187
2187
2187
2187
2187
2187
2204
2204
2204
2204
2204
2210
2210
2210
2210
2210
2195
2195
2195
2195
2195
2163
2163
2163
2163
2163
2163
2207
2207
2207
2207
2207
2153
2153
2153
2153
2153
2182
2182
2182
2182
2182
2182
2172
2172
2172
2172
2172
2196
2196
2196
2196
2196
2196
2188
2188
2188
2188
2188
2214
2214
2214
2214
2214
2167
2167
2167
2167
2167
2159
2159
2159
2159
2159
2159
2126
2126
2126
2126
2126
2133
2133
2133
2133
2133
2081
2081
2081
2081
2081
2081
2076
2076
2076
2076
2076
2050
2050
2050
2050
2050
2050
2022
2022
2022
2022
2022
2070
2070
2070
2070
2070
2004
2004
2004
2004
2004
2033
2033
2033
2033
2033
2033
2022
2022
2022
2022
2022
2062
2062
2062
2062
2062
2048
2048
2048
2048
2048
2048
2076
2076
2076
2076
2076
2062
2062
2062
2062
2062
2062
2041
2041
2041
2041
2041
2040
2040
2040
2040
2040
2057
2057
2057
2057
2057
1990
1990
1990
1990
1990
1990
1974
1974
1974
1974
1974
1932
1932
1932
1932
1932
1858
1858
1858
1858
1858
1858
1816
1816
1816
1816
1816
1721
1721
1721
1721
1721
1721
1617
1617
1617
1617
1617
1489
1489
1489
1489
1489
1356
1356
1356
1356
1356
1275
1275
1275
1275
1275
1275
1174
1174
1174
1174
1174
1120
1120
1120
1120
1120
1082
1082
1082
1082
1082
1082
1134
1134
1134
1134
1134
1210
1210
1210
1210
1210
1210
1515
1515
1515
1515
1515
1860
1860
1860
1860
1860
2290
2290
2290
2290
2290
2809
2809
2809
2809
2809
2809
3257
3257
3257
3257
3257
3601
3601
3601
3601
3601
3840
3840
3840
3840
3840
3840
3860
3860
3860
3860
3860
3777
3777
3777
3777
3777
3777
3522
3522
3522
3522
3522
3230
3230
3230
3230
3230
2887
2887
2887
2887
2887
2552
2552
2552
2552
2552
2552
2315
2315
2315
2315
2315
2073
2073
2073
2073
2073
2013
2013
2013
2013
2013
2013
2010
2010
2010
2010
2010
2023
2023
2023
2023
2023
2023
2191
2191
2191
2191
2191
2278
2278
2278
2278
2278
2364
2364
2364
2364
2364
2491
2491
2491
2491
2491
2491
2586
2586
2586
2586
2586
2647
2647
2647
2647
2647
2721
2721
2721
2721
2721
2721
2742
2742
2742
2742
2742
2799
2799
2799
2799
2799
2799
2760
2760
2760
2760
2760
2705
2705
2705
2705
2705
2609
2609
2609
2609
2609
2485
2485
2485
2485
2485
2485
2397
2397
2397
2397
2397
2195
2195
2195
2195
2195
2027
2027
2027
2027
2027
2027
1853
1853
1853
1853
1853
1650
1650
1650
1650
1650
1650
1499
1499
1499
1499
1499
1333
1333
1333
1333
1333
1180
1180
1180
1180
1180
1093
1093
1093
1093
1093
1093
1115
1115
1115
1115
1115
1055
1055
1055
1055
1055
1133
1133
1133
1133
1133
1133
1144
1144
1144
1144
1144
1329
1329
1329
1329
1329
1329
1416
1416
1416
1416
1416
1594
1594
1594
1594
1594
1703
1703
1703
1703
1703
1844
1844
1844
1844
1844
1844
1891
1891
1891
1891
1891
1949
1949
1949
1949
1949
1937
1937
1937
1937
1937
1937
1878
1878
1878
1878
1878
1912
1912
1912
1912
1912
1912
1834
1834
1834
1834
1834
1897
1897
1897
1897
1897
1971
1971
1971
1971
1971
2155
2155
2155
2155
2155
2155
2379
2379
2379
2379
2379
2566
2566
2566
2566
2566
2818
2818
2818
2818
2818
2818
2991
2991
2991
2991
2991
3035
3035
3035
3035
3035
3035
3010
3010
3010
3010
3010
2934
2934
2934
2934
2934
2774
2774
2774
2774
2774
2628
2628
2628
2628
2628
2628
2528
2528
2528
2528
2528
2475
2475
2475
2475
2475
2554
2554
2554
2554
2554
2554
2742
2742
2742
2742
2742
3037
3037
3037
3037
3037
3037
3305
3305
3305
3305
3305
3594
3594
3594
3594
3594
3854
3854
3854
3854
3854
4011
4011
4011
4011
4011
4011
4050
4050
4050
4050
4050
4052
4052
4052
4052
4052
4051
4051
4051
4051
4051
4051
3995
3995
3995
3995
3995
3947
3947
3947
3947
3947
3947
3877
3877
3877
3877
3877
3802
3802
3802
3802
3802
3737
3737
3737
3737
3737
3633
3633
3633
3633
3633
3633
3622
3622
3622
3622
3622
3548
3548
3548
3548
3548
3487
3487
3487
3487
3487
3487
3385
3385
3385
3385
3385
3307
3307
3307
3307
3307
3307
3199
3199
3199
3199
3199
3040
3040
3040
3040
3040
2907
2907
2907
2907
2907
2724
2724
2724
2724
2724
2724
2612
2612
2612
2612
2612
2432
2432
2432
2432
2432
2299
2299
2299
2299
2299
2299
2107
2107
2107
2107
2107
1895
1895
1895
1895
1895
1895
1733
1733
1733
1733
1733
1481
1481
1481
1481
1481
1350
1350
1350
1350
1350
1168
1168
1168
1168
1168
1168
1034
1034
1034
1034
1034
962
962
962
962
962
840
840
840
840
840
840
736
736
736
736
736
634
634
634
634
634
634
536
536
536
536
536
430
430
430
430
430
305
305
305
305
305
230
230
230
230
230
230
200
200
200
200
200
186
186
186
186
186
159
159
159
159
159
159
169
169
169
169
169
237
237
237
237
237
237
344
344
344
344
344
455
455
455
455
455
638
638
638
638
638
832
832
832
832
832
832
982
982
982
982
982
1172
1172
1172
1172
1172
1340
1340
1340
1340
1340
1340
1537
1537
1537
1537
1537
1692
1692
1692
1692
1692
1692
1954
1954
1954
1954
1954
2266
2266
2266
2266
2266
2629
2629
2629
2629
2629
3113
3113
3113
3113
3113
3113
3603
3603
3603
3603
3603
3991
3991
3991
3991
3991
4086
4086
4086
4086
4086
4086
4092
4092
4092
4092
4092
4095
4095
4095
4095
4095
4095
4095
4095
4095
4095
4095
4095
4095
4095
4095
4095
4095
4095
4095
4095
4095
4095
4095
4095
4095
4095
4095
4095
4095
4095
4095
4095
4095
4095
4095
4095
4095
4083
4083
4083
4083
4083
4083
4082
4082
4082
4082
4082
4064
4064
4064
4064
4064
4064
4009
4009
4009
4009
4009
3878
3878
3878
3878
3878
3595
3595
3595
3595
3595
3385
3385
3385
3385
3385
3385
3026
3026
3026
3026
3026
2713
2713
2713
2713
2713
2368
2368
2368
2368
2368
2368
2051
2051
2051
2051
2051
1723
1723
1723
1723
1723
1723
1460
1460
1460
1460
1460
1224
1224
1224
1224
1224
1044
1044
1044
1044
1044
891
891
891
891
891
891
805
805
805
805
805
745
745
745
745
745
698
698
698
698
698
698
648
648
648
648
648
713
713
713
713
713
713
725
725
725
725
725
819
819
819
819
819
910
910
910
910
910
1106
1106
1106
1106
1106
1106
1273
1273
1273
1273
1273
1501
1501
1501
1501
1501
1815
1815
1815
1815
1815
1815
2010
2010
2010
2010
2010
2240
2240
2240
2240
2240
2240
2432
2432
2432
2432
2432
2601
2601
2601
2601
2601
2669
2669
2669
2669
2669
2690
2690
2690
2690
2690
2690
2766
2766
2766
2766
2766
2751
2751
2751
2751
2751
2745
2745
2745
2745
2745
2745
2736
2736
2736
2736
2736
2729
2729
2729
2729
2729
2729
2788
2788
2788
2788
2788
2744
2744
2744
2744
2744
2673
2673
2673
2673
2673
2545
2545
2545
2545
2545
2545
2406
2406
2406
2406
2406
2188
2188
2188
2188
2188
1945
1945
1945
1945
1945
1945
1748
1748
1748
1748
1748
1512
1512
1512
1512
1512
1512
1338
1338
1338
1338
1338
1166
1166
1166
1166
1166
1117
1117
1117
1117
1117
1168
1168
1168
1168
1168
1168
1256
1256
1256
1256
1256
1391
1391
1391
1391
1391
1605
1605
1605
1605
1605
1605
1819
1819
1819
1819
1819
1994
1994
1994
1994
1994
1994
2170
2170
2170
2170
2170
2281
2281
2281
2281
2281
2383
2383
2383
2383
2383
2443
2443
2443
2443
2443
2443
2519
2519
2519
2519
2519
2634
2634
2634
2634
2634
2766
2766
2766
2766
2766
2766
2953
2953
2953
2953
2953
3185
3185
3185
3185
3185
3185
3530
3530
3530
3530
3530
3727
3727
3727
3727
3727
3965
3965
3965
3965
3965
4043
4043
4043
4043
4043
4043
4030
4030
4030
4030
4030
3977
3977
3977
3977
3977
3863
3863
3863
3863
3863
3863
3537
3537
3537
3537
3537
3166
3166
3166
3166
3166
3166
2691
2691
2691
2691
2691
2283
2283
2283
2283
2283
1848
1848
1848
1848
1848
1467
1467
1467
1467
1467
1467
1140
1140
1140
1140
1140
815
815
815
815
815
610
610
610
610
610
610
433
433
433
433
433
283
283
283
283
283
283
217
217
217
217
217
132
132
132
132
132
107
107
107
107
107
92
92
92
92
92
92
95
95
95
95
95
107
107
107
107
107
126
126
126
126
126
126
144
144
144
144
144
220
220
220
220
220
220
333
333
333
333
333
528
528
528
528
528
764
764
764
764
764
1101
1101
1101
1101
1101
1101
1494
1494
1494
1494
1494
1921
1921
1921
1921
1921
2344
2344
2344
2344
2344
2344
2754
2754
2754
2754
2754
3164
3164
3164
3164
3164
3164
3517
3517
3517
3517
3517
3853
3853
3853
3853
3853
3995
3995
3995
3995
3995
4055
4055
4055
4055
4055
4055
4060
4060
4060
4060
4060
4042
4042
4042
4042
4042
4061
4061
4061
4061
4061
4061
4054
4054
4054
4054
4054
4016
4016
4016
4016
4016
4016
3943
3943
3943
3943
3943
3824
3824
3824
3824
3824
3609
3609
3609
3609
3609
3437
3437
3437
3437
3437
3437
3195
3195
3195
3195
3195
2959
2959
2959
2959
2959
2765
2765
2765
2765
2765
2765
2527
2527
2527
2527
2527
2353
2353
2353
2353
2353
2353
2198
2198
2198
2198
2198
2079
2079
2079
2079
2079
2019
2019
2019
2019
2019
2010
2010
2010
2010
2010
2010
2063
2063
2063
2063
2063
2140
2140
2140
2140
2140
2146
2146
2146
2146
2146
2146
2291
2291
2291
2291
2291
2366
2366
2366
2366
2366
2366
2411
2411
2411
2411
2424
2424
2424
2424
2424
2461
2461
2461
2461
2461
2531
2531
2531
2531
2531
2531
2633
2633
2633
2633
2633
2701
2701
2701
2701
2701
2859
2859
2859
2859
2859
2859
2976
2976
2976
2976
2976
3063
3063
3063
3063
3063
3063
3091
3091
3091
3091
3091
3116
3116
3116
3116
3116
2957
2957
2957
2957
2957
2854
2854
2854
2854
2854
2854
2678
2678
2678
2678
2678
2489
2489
2489
2489
2489
2303
2303
2303
2303
2303
2303
2147
2147
2147
2147
2147
2011
2011
2011
2011
2011
2011
1916
1916
1916
1916
1916
1820
1820
1820
1820
1820
1755
1755
1755
1755
1755
1707
1707
1707
1707
1707
1707
1581
1581
1581
1581
1581
1514
1514
1514
1514
1514
1419
1419
1419
1419
1419
1419
1298
1298
1298
1298
1298
1208
1208
1208
1208
1208
1208
1107
1107
1107
1107
1107
1028
1028
1028
1028
1028
942
942
942
942
942
926
926
926
926
926
926
928
928
928
928
928
942
942
942
942
942
968
968
968
968
968
968
1057
1057
1057
1057
1057
1113
1113
1113
1113
1113
1113
1258
1258
1258
1258
1258
1366
1366
1366
1366
1366
1519
1519
1519
1519
1519
1676
1676
1676
1676
1676
1676
1850
1850
1850
1850
1850
2056
2056
2056
2056
2056
2265
2265
2265
2265
2265
2265
2479
2479
2479
2479
2479
2695
2695
2695
2695
2695
2695
2943
2943
2943
2943
2943
3143
3143
3143
3143
3143
3290
3290
3290
3290
3290
3404
3404
3404
3404
3404
3404
3536
3536
3536
3536
3536
3620
3620
3620
3620
3620
3744